Частота,Канал A
(kГц),(В)

0.00000000,2.83885500
0.02384186,1.95463900
0.04768372,1.32066400
0.07152557,0.40993480
0.09536743,0.03699358
0.11920929,0.00067901
0.14305115,0.00018581
0.16689301,0.00026655
0.19073486,0.00046372
0.21457672,0.00041940
0.23841858,0.00044105
0.26226044,0.00051964
0.28610229,0.00073970
0.30994415,0.00083717
0.33378601,0.00041973
0.35762787,0.00067985
0.38146973,0.00112439
0.40531158,0.00085719
0.42915344,0.00030574
0.45299530,0.00061519
0.47683716,0.00055514
0.50067902,0.00031524
0.52452087,0.00098424
0.54836273,0.00111489
0.57220459,0.00106653
0.59604645,0.00029195
0.61988831,0.00031993
0.64373016,0.00064448
0.66757202,0.00113174
0.69141388,0.00079726
0.71525574,0.00060177
0.73909760,0.00131827
0.76293945,0.00178570
0.78678131,0.00189056
0.81062317,0.00126465
0.83446503,0.00058006
0.85830688,0.00026036
0.88214874,0.00051482
0.90599060,0.01078373
0.92983246,0.11981600
0.95367432,0.36856890
0.97751617,0.52920720
1.00135803,0.54419560
1.02519989,0.52082570
1.04904175,0.33944920
1.07288361,0.09851187
1.09672546,0.00720112
1.12056732,0.00086958
1.14440918,0.00128560
1.16825104,0.00150086
1.19209290,0.00093787
1.21593475,0.00021963
1.23977661,0.00048720
1.26361847,0.00101139
1.28746033,0.00102839
1.31130219,0.00057655
1.33514404,0.00103730
1.35898590,0.00228782
1.38282776,0.00290862
1.40666962,0.00250961
1.43051147,0.00146268
1.45435333,0.00004176
1.47819519,0.00023347
1.50203705,0.00065185
1.52587891,0.00117843
1.54972076,0.00151575
1.57356262,0.00190459
1.59740448,0.00149624
1.62124634,0.00132817
1.64508820,0.00143433
1.66893005,0.00141862
1.69277191,0.00080541
1.71661377,0.00078201
1.74045563,0.00134111
1.76429749,0.00183238
1.78813934,0.00180214
1.81198120,0.00141416
1.83582306,0.00053987
1.85966492,0.00071798
1.88350677,0.00080913
1.90734863,0.01202750
1.93119049,0.12443700
1.95503235,0.36323670
1.97887421,0.50597070
2.00271606,0.51733670
2.02655792,0.49094220
2.05039978,0.30944480
2.07424164,0.08538412
2.09808350,0.00632858
2.12192535,0.00141063
2.14576721,0.00179534
2.16960907,0.00197800
2.19345093,0.00177908
2.21729279,0.00115740
2.24113464,0.00099688
2.26497650,0.00140256
2.28881836,0.00150973
2.31266022,0.00098707
2.33650208,0.00111047
2.36034393,0.00246894
2.38418579,0.00310000
2.40802765,0.00311039
2.43186951,0.00197852
2.45571136,0.00044298
2.47955322,0.00004774
2.50339508,0.00046203
2.52723694,0.00072276
2.55107880,0.00137430
2.57492065,0.00236368
2.59876251,0.00241495
2.62260437,0.00217868
2.64644623,0.00207223
2.67028809,0.00118146
2.69412994,0.00012852
2.71797180,0.00127778
2.74181366,0.00215694
2.76565552,0.00245240
2.78949738,0.00228959
2.81333923,0.00162047
2.83718109,0.00029557
2.86102295,0.00014741
2.88486481,0.00029281
2.90870667,0.01345496
2.93254852,0.12421890
2.95639038,0.34426050
2.98023224,0.46557370
3.00407410,0.47381090
3.02791595,0.44501220
3.05175781,0.27085210
3.07559967,0.07070260
3.09944153,0.00519158
3.12328339,0.00189330
3.14712524,0.00253786
3.17096710,0.00290449
3.19480896,0.00301901
3.21865082,0.00228822
3.24249268,0.00174318
3.26633453,0.00147480
3.29017639,0.00080279
3.31401825,0.00060189
3.33786011,0.00277984
3.36170197,0.00440468
3.38554382,0.00494233
3.40938568,0.00485436
3.43322754,0.00349305
3.45706940,0.00141438
3.48091125,0.00098021
3.50475311,0.00109611
3.52859497,0.00123389
3.55243683,0.00217242
3.57627869,0.00367108
3.60012054,0.00371481
3.62396240,0.00345592
3.64780426,0.00309465
3.67164612,0.00172996
3.69548798,0.00018525
3.71932983,0.00099143
3.74317169,0.00174661
3.76701355,0.00197657
3.79085541,0.00218279
3.81469727,0.00201821
3.83853912,0.00111284
3.86238098,0.00108887
3.88622284,0.00085305
3.91006470,0.01412661
3.93390656,0.11965780
3.95774841,0.31440650
3.98159027,0.41322360
4.00543213,0.41864830
4.02927399,0.38857620
4.05311584,0.22818550
4.07695770,0.05666742
4.10079956,0.00446296
4.12464142,0.00136958
4.14848328,0.00151973
4.17232513,0.00185040
4.19616699,0.00235430
4.22000885,0.00197279
4.24385071,0.00187409
4.26769257,0.00191595
4.29153442,0.00120097
4.31537628,0.00062560
4.33921814,0.00285806
4.36306000,0.00428045
4.38690186,0.00461329
4.41074371,0.00447088
4.43458557,0.00308507
4.45842743,0.00130092
4.48226929,0.00107046
4.50611115,0.00132941
4.52995300,0.00157890
4.55379486,0.00277306
4.57763672,0.00453518
4.60147858,0.00491469
4.62532043,0.00478745
4.64916229,0.00419173
4.67300415,0.00226167
4.69684601,0.00053785
4.72068787,0.00119628
4.74452972,0.00184490
4.76837158,0.00202580
4.79221344,0.00228693
4.81605530,0.00214859
4.83989716,0.00108540
4.86373901,0.00085855
4.88758087,0.00053959
4.91142273,0.01428852
4.93526459,0.10869720
4.95910645,0.27183770
4.98294830,0.34783270
5.00679016,0.35132900
5.03063202,0.32193210
5.05447388,0.18195030
5.07831573,0.04226629
5.10215759,0.00276726
5.12599945,0.00105720
5.14984131,0.00125275
5.17368317,0.00191463
5.19752502,0.00260305
5.22136688,0.00219453
5.24520874,0.00199991
5.26905060,0.00167848
5.29289246,0.00089235
5.31673431,0.00109209
5.34057617,0.00306684
5.36441803,0.00410580
5.38825989,0.00438114
5.41210175,0.00446319
5.43594360,0.00314088
5.45978546,0.00139620
5.48362732,0.00109601
5.50746918,0.00104450
5.53131104,0.00116503
5.55515289,0.00248232
5.57899475,0.00443261
5.60283661,0.00479574
5.62667847,0.00453109
5.65052032,0.00367854
5.67436218,0.00162341
5.69820404,0.00052327
5.72204590,0.00170767
5.74588776,0.00217221
5.76972961,0.00231127
5.79357147,0.00268372
5.81741333,0.00259788
5.84125519,0.00178423
5.86509705,0.00159552
5.88893890,0.00112444
5.91278076,0.01304146
5.93662262,0.09285903
5.96046448,0.22157860
5.98430634,0.27650350
6.00814819,0.27849610
6.03199005,0.25162180
6.05583191,0.13702590
6.07967377,0.03044689
6.10351563,0.00273180
6.12735748,0.00150851
6.15119934,0.00151063
6.17504120,0.00202102
6.19888306,0.00264434
6.22272491,0.00249185
6.24656677,0.00220234
6.27040863,0.00145368
6.29425049,0.00027163
6.31809235,0.00131364
6.34193420,0.00288991
6.36577606,0.00339489
6.38961792,0.00335800
6.41345978,0.00358319
6.43730164,0.00281625
6.46114349,0.00148532
6.48498535,0.00116134
6.50882721,0.00085847
6.53266907,0.00063010
6.55651093,0.00170294
6.58035278,0.00363568
6.60419464,0.00424195
6.62803650,0.00415853
6.65187836,0.00322848
6.67572021,0.00133016
6.69956207,0.00070209
6.72340393,0.00129695
6.74724579,0.00130696
6.77108765,0.00131769
6.79492950,0.00188587
6.81877136,0.00223103
6.84261322,0.00186350
6.86645508,0.00171527
6.89029694,0.00092753
6.91413879,0.01130235
6.93798065,0.07328662
6.96182251,0.16622110
6.98566437,0.20225050
7.00950623,0.20311010
7.03334808,0.18061210
7.05718994,0.09456963
7.08103180,0.01993734
7.10487366,0.00183781
7.12871552,0.00076066
7.15255737,0.00075493
7.17639923,0.00149406
7.20024109,0.00248974
7.22408295,0.00259624
7.24792480,0.00241328
7.27176666,0.00157788
7.29560852,0.00050403
7.31945038,0.00125333
7.34329224,0.00230869
7.36713409,0.00241768
7.39097595,0.00221746
7.41481781,0.00248521
7.43865967,0.00205661
7.46250153,0.00121481
7.48634338,0.00098750
7.51018524,0.00062671
7.53402710,0.00034615
7.55786896,0.00164407
7.58171082,0.00342713
7.60555267,0.00383417
7.62939453,0.00354154
7.65323639,0.00250214
7.67707825,0.00068866
7.70092010,0.00051545
7.72476196,0.00081198
7.74860382,0.00078402
7.77244568,0.00096030
7.79628754,0.00166306
7.82012939,0.00217399
7.84397125,0.00197234
7.86781311,0.00172730
7.89165497,0.00081215
7.91549683,0.00827705
7.93933868,0.05008323
7.96318054,0.10838650
7.98702240,0.12888970
8.01086426,0.12931880
8.03470612,0.11323210
8.05854797,0.05729773
8.08238983,0.01181135
8.10623169,0.00125117
8.13007355,0.00007013
8.15391541,0.00034473
8.17775726,0.00082503
8.20159912,0.00174293
8.22544098,0.00202378
8.24928284,0.00191706
8.27312469,0.00110821
8.29696655,0.00029296
8.32080841,0.00104717
8.34465027,0.00156316
8.36849213,0.00148306
8.39233398,0.00156174
8.41617584,0.00203892
8.44001770,0.00194822
8.46385956,0.00131226
8.48770142,0.00078852
8.51154327,0.00035845
8.53538513,0.00054619
8.55922699,0.00077802
8.58306885,0.00207049
8.60691071,0.00262380
8.63075256,0.00251201
8.65459442,0.00146791
8.67843628,0.00072469
8.70227814,0.00127293
8.72612000,0.00109989
8.74996185,0.00057078
8.77380371,0.00018358
8.79764557,0.00055065
8.82148743,0.00107186
8.84532928,0.00117922
8.86917114,0.00104124
8.89301300,0.00079671
8.91685486,0.00500640
8.94069672,0.02543756
8.96453857,0.05199251
8.98838043,0.06033396
9.01222229,0.06048084
9.03606415,0.05231362
9.05990601,0.02579993
9.08374786,0.00546187
9.10758972,0.00089038
9.13143158,0.00016450
9.15527344,0.00023570
9.17911530,0.00068064
9.20295715,0.00133933
9.22679901,0.00147080
9.25064087,0.00110388
9.27448273,0.00028782
9.29832458,0.00064195
9.32216644,0.00105591
9.34600830,0.00096352
9.36985016,0.00072008
9.39369202,0.00079355
9.41753387,0.00109220
9.44137573,0.00136449
9.46521759,0.00133933
9.48905945,0.00099314
9.51290131,0.00065069
9.53674316,0.00073962
9.56058502,0.00036468
9.58442688,0.00056098
9.60826874,0.00118476
9.63211060,0.00116853
9.65595245,0.00080462
9.67979431,0.00092957
9.70363617,0.00097585
9.72747803,0.00051646
9.75131989,0.00036330
9.77516174,0.00067781
9.79900360,0.00063507
9.82284546,0.00087018
9.84668732,0.00103878
9.87052917,0.00067783
9.89437103,0.00014816
9.91821289,0.00061815
9.94205475,0.00076282
9.96589661,0.00059431
9.98973846,0.00027186
10.01358032,0.00049542
10.03742218,0.00090517
10.06126404,0.00109445
10.08510590,0.00085407
10.10894775,0.00032892
10.13278961,0.00061545
10.15663147,0.00086571
10.18047333,0.00064087
10.20431519,0.00060202
10.22815704,0.00083308
10.25199890,0.00041186
10.27584076,0.00051830
10.29968262,0.00108894
10.32352448,0.00094841
10.34736633,0.00047494
10.37120819,0.00106734
10.39505005,0.00135536
10.41889191,0.00105297
10.44273376,0.00042588
10.46657562,0.00018183
10.49041748,0.00026784
10.51425934,0.00096641
10.53810120,0.00134302
10.56194305,0.00133766
10.58578491,0.00089624
10.60962677,0.00052470
10.63346863,0.00040479
10.65731049,0.00025755
10.68115234,0.00022609
10.70499420,0.00036419
10.72883606,0.00102855
10.75267792,0.00148376
10.77651978,0.00146306
10.80036163,0.00101940
10.82420349,0.00060878
10.84804535,0.00064990
10.87188721,0.00043981
10.89572906,0.00098784
10.91957092,0.00362874
10.94341278,0.02172621
10.96725464,0.04301565
10.99109650,0.04896493
11.01493835,0.04873465
11.03878021,0.03945627
11.06262207,0.01661016
11.08646393,0.00186579
11.11030579,0.00043934
11.13414764,0.00093446
11.15798950,0.00132233
11.18183136,0.00128776
11.20567322,0.00084119
11.22951508,0.00042099
11.25335693,0.00032590
11.27719879,0.00081291
11.30104065,0.00088484
11.32488251,0.00039518
11.34872437,0.00150051
11.37256622,0.00228702
11.39640808,0.00234244
11.42024994,0.00181732
11.44409180,0.00072893
11.46793365,0.00048814
11.49177551,0.00027347
11.51561737,0.00081672
11.53945923,0.00124088
11.56330109,0.00166263
11.58714294,0.00178478
11.61098480,0.00151940
11.63482666,0.00162479
11.65866852,0.00171375
11.68251038,0.00122716
11.70635223,0.00032209
11.73019409,0.00109220
11.75403595,0.00193056
11.77787781,0.00212488
11.80171967,0.00182765
11.82556152,0.00091138
11.84940338,0.00038026
11.87324524,0.00068938
11.89708710,0.00041897
11.92092896,0.00842697
11.94477081,0.04165250
11.96861267,0.07736103
11.99245453,0.08603765
12.01629639,0.08553607
12.04013824,0.06822474
12.06398010,0.02829101
12.08782196,0.00409123
12.11166382,0.00085493
12.13550568,0.00135705
12.15934753,0.00168724
12.18318939,0.00189624
12.20703125,0.00145617
12.23087311,0.00095228
12.25471497,0.00114183
12.27855682,0.00126591
12.30239868,0.00084927
12.32624054,0.00067725
12.35008240,0.00254640
12.37392426,0.00348066
12.39776611,0.00362717
12.42160797,0.00290119
12.44544983,0.00115451
12.46929169,0.00024899
12.49313354,0.00060810
12.51697540,0.00092087
12.54081726,0.00141933
12.56465912,0.00258796
12.58850098,0.00333794
12.61234283,0.00314021
12.63618469,0.00315124
12.66002655,0.00260149
12.68386841,0.00125029
12.70771027,0.00014154
12.73155212,0.00100818
12.75539398,0.00157434
12.77923584,0.00187409
12.80307770,0.00197791
12.82691956,0.00141885
12.85076141,0.00104729
12.87460327,0.00153201
12.89844513,0.00119144
12.92228699,0.01173443
12.94612885,0.05559071
12.96997070,0.09944611
12.99381256,0.10906940
13.01765442,0.10823860
13.04149628,0.08421519
13.06533813,0.03330026
13.08917999,0.00439972
13.11302185,0.00110119
13.13686371,0.00172080
13.16070557,0.00227665
13.18454742,0.00270941
13.20838928,0.00234324
13.23223114,0.00163624
13.25607300,0.00152607
13.27991486,0.00112900
13.30375671,0.00044516
13.32759857,0.00177575
13.35144043,0.00359917
13.37528229,0.00424276
13.39912415,0.00431320
13.42296600,0.00366850
13.44680786,0.00186075
13.47064972,0.00087237
13.49449158,0.00113337
13.51833344,0.00122934
13.54217529,0.00172532
13.56601715,0.00323050
13.58985901,0.00409967
13.61370087,0.00396122
13.63754272,0.00397392
13.66138458,0.00305949
13.68522644,0.00133097
13.70906830,0.00031220
13.73291016,0.00140807
13.75675201,0.00191840
13.78059387,0.00221506
13.80443573,0.00233879
13.82827759,0.00154504
13.85211945,0.00075235
13.87596130,0.00072630
13.89980316,0.00037446
13.92364502,0.01582017
13.94748688,0.06514557
13.97132874,0.11087510
13.99517059,0.11955970
14.01901245,0.11819650
14.04285431,0.08976767
14.06669617,0.03413735
14.09053802,0.00457793
14.11437988,0.00112443
14.13822174,0.00135405
14.16206360,0.00179701
14.18590546,0.00244042
14.20974731,0.00240763
14.23358917,0.00198394
14.25743103,0.00193846
14.28127289,0.00153614
14.30511475,0.00082492
14.32895660,0.00167805
14.35279846,0.00338514
14.37664032,0.00394669
14.40048218,0.00426757
14.42432404,0.00382870
14.44816589,0.00208267
14.47200775,0.00102888
14.49584961,0.00113080
14.51969147,0.00119520
14.54353333,0.00190469
14.56737518,0.00374041
14.59121704,0.00476271
14.61505890,0.00437007
14.63890076,0.00396282
14.66274261,0.00255205
14.68658447,0.00050859
14.71042633,0.00092366
14.73426819,0.00183045
14.75811005,0.00222709
14.78195190,0.00265366
14.80579376,0.00293154
14.82963562,0.00221416
14.85347748,0.00151452
14.87731934,0.00143732
14.90116119,0.00072327
14.92500305,0.01706675
14.94884491,0.06678769
14.97268677,0.10980780
14.99652863,0.11712120
15.02037048,0.11524060
15.04421234,0.08508574
15.06805420,0.03077811
15.09189606,0.00394148
15.11573792,0.00112476
15.13957977,0.00113811
15.16342163,0.00155985
15.18726349,0.00249758
15.21110535,0.00280366
15.23494720,0.00258896
15.25878906,0.00237538
15.28263092,0.00145869
15.30647278,0.00009621
15.33031464,0.00217700
15.35415649,0.00399396
15.37799835,0.00449598
15.40184021,0.00470771
15.42568207,0.00408262
15.44952393,0.00224380
15.47336578,0.00127478
15.49720764,0.00122793
15.52104950,0.00097833
15.54489136,0.00149765
15.56873322,0.00332366
15.59257507,0.00442784
15.61641693,0.00439208
15.64025879,0.00417600
15.66410065,0.00270408
15.68794250,0.00077453
15.71178436,0.00093150
15.73562622,0.00165947
15.75946808,0.00180222
15.78330994,0.00212284
15.80715179,0.00267305
15.83099365,0.00248052
15.85483551,0.00216210
15.87867737,0.00204282
15.90251923,0.00062373
15.92636108,0.01698692
15.95020294,0.06272465
15.97404480,0.09940080
15.99788666,0.10483430
16.02172852,0.10288880
16.04557037,0.07423362
16.06941223,0.02598336
16.09325409,0.00352662
16.11709595,0.00137133
16.14093781,0.00128718
16.16477966,0.00168497
16.18862152,0.00257601
16.21246338,0.00275952
16.23630524,0.00234712
16.26014709,0.00188725
16.28398895,0.00080204
16.30783081,0.00060320
16.33167267,0.00215084
16.35551453,0.00335005
16.37935638,0.00346541
16.40319824,0.00377284
16.42704010,0.00362555
16.45088196,0.00229797
16.47472382,0.00144804
16.49856567,0.00111566
16.52240753,0.00046344
16.54624939,0.00095909
16.57009125,0.00308797
16.59393311,0.00461175
16.61777496,0.00489608
16.64161682,0.00460380
16.66545868,0.00282409
16.68930054,0.00070793
16.71314240,0.00087161
16.73698425,0.00143200
16.76082611,0.00164597
16.78466797,0.00210785
16.80850983,0.00257443
16.83235168,0.00226929
16.85619354,0.00178379
16.88003540,0.00133780
16.90387726,0.00152178
16.92771912,0.01598931
16.95156097,0.05317294
16.97540283,0.08064871
16.99924469,0.08405845
17.02308655,0.08196482
17.04692841,0.05739723
17.07077026,0.01928684
17.09461212,0.00272921
17.11845398,0.00090865
17.14229584,0.00057780
17.16613770,0.00102372
17.18997955,0.00204329
17.21382141,0.00236030
17.23766327,0.00217105
17.26150513,0.00168807
17.28534698,0.00065917
17.30918884,0.00073443
17.33303070,0.00172251
17.35687256,0.00233616
17.38071442,0.00233815
17.40455627,0.00272371
17.42839813,0.00281088
17.45223999,0.00197687
17.47608185,0.00127174
17.49992371,0.00085346
17.52376556,0.00033338
17.54760742,0.00077576
17.57144928,0.00241395
17.59529114,0.00343436
17.61913300,0.00340311
17.64297485,0.00284746
17.66681671,0.00132319
17.69065857,0.00027785
17.71450043,0.00090769
17.73834229,0.00092699
17.76218414,0.00080847
17.78602600,0.00130996
17.80986786,0.00199676
17.83370972,0.00206276
17.85755157,0.00183602
17.88139343,0.00122215
17.90523529,0.00101005
17.92907715,0.01224488
17.95291901,0.03829038
17.97676086,0.05598636
18.00060272,0.05772831
18.02444458,0.05587773
18.04828644,0.03802557
18.07212830,0.01226621
18.09597015,0.00172363
18.11981201,0.00048269
18.14365387,0.00020365
18.16749573,0.00061684
18.19133759,0.00181394
18.21517944,0.00248700
18.23902130,0.00246691
18.26286316,0.00195404
18.28670502,0.00101250
18.31054688,0.00092483
18.33438873,0.00151031
18.35823059,0.00155407
18.38207245,0.00130979
18.40591431,0.00154785
18.42975616,0.00178768
18.45359802,0.00164664
18.47743988,0.00149550
18.50128174,0.00111317
18.52512360,0.00062043
18.54896545,0.00060814
18.57280731,0.00172039
18.59664917,0.00264878
18.62049103,0.00275964
18.64433289,0.00234775
18.66817474,0.00111287
18.69201660,0.00010979
18.71585846,0.00036978
18.73970032,0.00025871
18.76354218,0.00039416
18.78738403,0.00002335
18.81122589,0.00070074
18.83506775,0.00095338
18.85890961,0.00088714
18.88275146,0.00057724
18.90659332,0.00123704
18.93043518,0.00717970
18.95427704,0.01988143
18.97811890,0.02760961
19.00196075,0.02806214
19.02580261,0.02712217
19.04964447,0.01809820
19.07348633,0.00584095
19.09732819,0.00118853
19.12117004,0.00042456
19.14501190,0.00039512
19.16885376,0.00032942
19.19269562,0.00032196
19.21653748,0.00066926
19.24037933,0.00045396
19.26422119,0.00026216
19.28806305,0.00113190
19.31190491,0.00154156
19.33574677,0.00133572
19.35958862,0.00079852
19.38343048,0.00033867
19.40727234,0.00062858
19.43111420,0.00119523
19.45495605,0.00129776
19.47879791,0.00099024
19.50263977,0.00054547
19.52648163,0.00058774
19.55032349,0.00047075
19.57416534,0.00050011
19.59800720,0.00097379
19.62184906,0.00094050
19.64569092,0.00047251
19.66953278,0.00075694
19.69337463,0.00124093
19.71721649,0.00099332
19.74105835,0.00043402
19.76490021,0.00039165
19.78874207,0.00033450
19.81258392,0.00035489
19.83642578,0.00071463
19.86026764,0.00055366
19.88410950,0.00022959
19.90795135,0.00092202
19.93179321,0.00125521
19.95563507,0.00120282
19.97947693,0.00075540
20.00331879,0.00046083
20.02716064,0.00061482
20.05100250,0.00079397
20.07484436,0.00065605
20.09868622,0.00045197
20.12252808,0.00087093
20.14636993,0.00121691
20.17021179,0.00112653
20.19405365,0.00059673
20.21789551,0.00018343
20.24173737,0.00025765
20.26557922,0.00021066
20.28942108,0.00075534
20.31326294,0.00093811
20.33710480,0.00057595
20.36094666,0.00072689
20.38478851,0.00088506
20.40863037,0.00054111
20.43247223,0.00016591
20.45631409,0.00072302
20.48015594,0.00069727
20.50399780,0.00058147
20.52783966,0.00089538
20.55168152,0.00102968
20.57552338,0.00072655
20.59936523,0.00012651
20.62320709,0.00024779
20.64704895,0.00034414
20.67089081,0.00066271
20.69473267,0.00060301
20.71857452,0.00044290
20.74241638,0.00086387
20.76625824,0.00118765
20.79010010,0.00104655
20.81394196,0.00050950
20.83778381,0.00017328
20.86162567,0.00007659
20.88546753,0.00062896
20.90930939,0.00052055
20.93315125,0.00596659
20.95699310,0.01831443
20.98083496,0.02548672
21.00467682,0.02624050
21.02851868,0.02426639
21.05236053,0.01419148
21.07620239,0.00309383
21.10004425,0.00023968
21.12388611,0.00064742
21.14772797,0.00098347
21.17156982,0.00100457
21.19541168,0.00063090
21.21925354,0.00008426
21.24309540,0.00031397
21.26693726,0.00060041
21.29077911,0.00071688
21.31462097,0.00004701
21.33846283,0.00137005
21.36230469,0.00260341
21.38614655,0.00299625
21.40998840,0.00264120
21.43383026,0.00135005
21.45767212,0.00006537
21.48151398,0.00032102
21.50535583,0.00078770
21.52919769,0.00128786
21.55303955,0.00180617
21.57688141,0.00217626
21.60072327,0.00185518
21.62456512,0.00166392
21.64840698,0.00192668
21.67224884,0.00174573
21.69609070,0.00107808
21.71993256,0.00017662
21.74377441,0.00093305
21.76761627,0.00149741
21.79145813,0.00166430
21.81529999,0.00122553
21.83914185,0.00053196
21.86298370,0.00040718
21.88682556,0.00069069
21.91066742,0.00112885
21.93450928,0.01291547
21.95835114,0.03490880
21.98219299,0.04632730
22.00603485,0.04703455
22.02987671,0.04324041
22.05371857,0.02477307
22.07756042,0.00549047
22.10140228,0.00042573
22.12524414,0.00108445
22.14908600,0.00158387
22.17292786,0.00187120
22.19676971,0.00163967
22.22061157,0.00093471
22.24445343,0.00087428
22.26829529,0.00134915
22.29213715,0.00132281
22.31597900,0.00048068
22.33982086,0.00149069
22.36366272,0.00296056
22.38750458,0.00355122
22.41134644,0.00356290
22.43518829,0.00238841
22.45903015,0.00082964
22.48287201,0.00058792
22.50671387,0.00096895
22.53055573,0.00118091
22.55439758,0.00189226
22.57823944,0.00275907
22.60208130,0.00266973
22.62592316,0.00259136
22.64976501,0.00260261
22.67360687,0.00166012
22.69744873,0.00062497
22.72129059,0.00107647
22.74513245,0.00197901
22.76897430,0.00231788
22.79281616,0.00228408
22.81665802,0.00164774
22.84049988,0.00069460
22.86434174,0.00067617
22.88818359,0.00095024
22.91202545,0.00170984
22.93586731,0.01860610
22.95970917,0.04757940
22.98355103,0.06129119
23.00739288,0.06206271
23.03123474,0.05656673
23.05507660,0.03165292
23.07891846,0.00726396
23.10276031,0.00100667
23.12660217,0.00130877
23.15044403,0.00159946
23.17428589,0.00194008
23.19812775,0.00196274
23.22196960,0.00137484
23.24581146,0.00129522
23.26965332,0.00139445
23.29349518,0.00097076
23.31733704,0.00051063
23.34117889,0.00240421
23.36502075,0.00371595
23.38886261,0.00408081
23.41270447,0.00395463
23.43654633,0.00249225
23.46038818,0.00090720
23.48423004,0.00057473
23.50807190,0.00097056
23.53191376,0.00128866
23.55575562,0.00235843
23.57959747,0.00368330
23.60343933,0.00370665
23.62728119,0.00360403
23.65112305,0.00329119
23.67496490,0.00179145
23.69880676,0.00036767
23.72264862,0.00139116
23.74649048,0.00228134
23.77033234,0.00260998
23.79417419,0.00278890
23.81801605,0.00229159
23.84185791,0.00138692
23.86569977,0.00116918
23.88954163,0.00120635
23.91338348,0.00277780
23.93722534,0.02264052
23.96106720,0.05472740
23.98490906,0.06832112
24.00875092,0.06886380
24.03259277,0.06215926
24.05643463,0.03355861
24.08027649,0.00738281
24.10411835,0.00120742
24.12796021,0.00137390
24.15180206,0.00157175
24.17564392,0.00218258
24.19948578,0.00266857
24.22332764,0.00234276
24.24716949,0.00214494
24.27101135,0.00181365
24.29485321,0.00101453
24.31869507,0.00103019
24.34253693,0.00286461
24.36637878,0.00391332
24.39022064,0.00419499
24.41406250,0.00422416
24.43790436,0.00290437
24.46174622,0.00133263
24.48558807,0.00102158
24.50942993,0.00106808
24.53327179,0.00123713
24.55711365,0.00263351
24.58095551,0.00441348
24.60479736,0.00465988
24.62863922,0.00442523
24.65248108,0.00362781
24.67632294,0.00161639
24.70016479,0.00020666
24.72400665,0.00142299
24.74784851,0.00198432
24.77169037,0.00213011
24.79553223,0.00248147
24.81937408,0.00230838
24.84321594,0.00167957
24.86705780,0.00169216
24.89089966,0.00135390
24.91474152,0.00320148
24.93858337,0.02507470
24.96242523,0.05739481
24.98626709,0.06995498
25.01010895,0.07027862
25.03395081,0.06232486
25.05779266,0.03258057
25.08163452,0.00712547
25.10547638,0.00143367
25.12931824,0.00160852
25.15316010,0.00188946
25.17700195,0.00262429
25.20084381,0.00321486
25.22468567,0.00291475
25.24852753,0.00257271
25.27236938,0.00188961
25.29621124,0.00064307
25.32005310,0.00097707
25.34389496,0.00280395
25.36773682,0.00358732
25.39157867,0.00382020
25.41542053,0.00409184
25.43926239,0.00307064
25.46310425,0.00180261
25.48694611,0.00164386
25.51078796,0.00147075
25.53462982,0.00129556
25.55847168,0.00272951
25.58231354,0.00463308
25.60615540,0.00498137
25.62999725,0.00489391
25.65383911,0.00396484
25.67768097,0.00173691
25.70152283,0.00016713
25.72536469,0.00112150
25.74920654,0.00150654
25.77304840,0.00168727
25.79689026,0.00236761
25.82073212,0.00253408
25.84457397,0.00207444
25.86841583,0.00188691
25.89225769,0.00133955
25.91609955,0.00356325
25.93994141,0.02454387
25.96378326,0.05365755
25.98762512,0.06398334
26.01146698,0.06441388
26.03530884,0.05655387
26.05915070,0.02874492
26.08299255,0.00625771
26.10683441,0.00143924
26.13067627,0.00120118
26.15451813,0.00124360
26.17835999,0.00211123
26.20220184,0.00276796
26.22604370,0.00249134
26.24988556,0.00225092
26.27372742,0.00158319
26.29756927,0.00046435
26.32141113,0.00142260
26.34525299,0.00296880
26.36909485,0.00352680
26.39293671,0.00365337
26.41677856,0.00373265
26.44062042,0.00260534
26.46446228,0.00128610
26.48830414,0.00091074
26.51214600,0.00056041
26.53598785,0.00073228
26.55982971,0.00225782
26.58367157,0.00417215
26.60751343,0.00457806
26.63135529,0.00433098
26.65519714,0.00316866
26.67903900,0.00119869
26.70288086,0.00116370
26.72672272,0.00163708
26.75056458,0.00169714
26.77440643,0.00185831
26.79824829,0.00230100
26.82209015,0.00220734
26.84593201,0.00158216
26.86977386,0.00121125
26.89361572,0.00057119
26.91745758,0.00377753
26.94129944,0.02184044
26.96514130,0.04519805
26.98898315,0.05264998
27.01282501,0.05288505
27.03666687,0.04560795
27.06050873,0.02233720
27.08435059,0.00480753
27.10819244,0.00117084
27.13203430,0.00078639
27.15587616,0.00098752
27.17971802,0.00201680
27.20355988,0.00286977
27.22740173,0.00291718
27.25124359,0.00259130
27.27508545,0.00166192
27.29892731,0.00055611
27.32276917,0.00146751
27.34661102,0.00263626
27.37045288,0.00284809
27.39429474,0.00303281
27.41813660,0.00334272
27.44197845,0.00270540
27.46582031,0.00190474
27.48966217,0.00146790
27.51350403,0.00072778
27.53734589,0.00046257
27.56118774,0.00197161
27.58502960,0.00373543
27.60887146,0.00414786
27.63271332,0.00379932
27.65655518,0.00246086
27.68039703,0.00039995
27.70423889,0.00088721
27.72808075,0.00123016
27.75192261,0.00104851
27.77576447,0.00113484
27.79960632,0.00176001
27.82344818,0.00196125
27.84729004,0.00163092
27.87113190,0.00123367
27.89497375,0.00051304
27.91881561,0.00354093
27.94265747,0.01674765
27.96649933,0.03247726
27.99034119,0.03683429
28.01418304,0.03693215
28.03802490,0.03140574
28.06186676,0.01507593
28.08570862,0.00350738
28.10955048,0.00105190
28.13339233,0.00044475
28.15723419,0.00028086
28.18107605,0.00061777
28.20491791,0.00152742
28.22875977,0.00177988
28.25260162,0.00159942
28.27644348,0.00070823
28.30028534,0.00053550
28.32412720,0.00125127
28.34796906,0.00164413
28.37181091,0.00145392
28.39565277,0.00159637
28.41949463,0.00213263
28.44333649,0.00202983
28.46717834,0.00158654
28.49102020,0.00117756
28.51486206,0.00055303
28.53870392,0.00016844
28.56254578,0.00092751
28.58638763,0.00227110
28.61022949,0.00274148
28.63407135,0.00254284
28.65791321,0.00138149
28.68175507,0.00029984
28.70559692,0.00111035
28.72943878,0.00114544
28.75328064,0.00067512
28.77712250,0.00054144
28.80096436,0.00109198
28.82480621,0.00145467
28.84864807,0.00127323
28.87248993,0.00075131
28.89633179,0.00050933
28.92017365,0.00267912
28.94401550,0.00973319
28.96785736,0.01734846
28.99169922,0.01895709
29.01554108,0.01902852
29.03938293,0.01624168
29.06322479,0.00791461
29.08706665,0.00220188
29.11090851,0.00074284
29.13475037,0.00005262
29.15859222,0.00045339
29.18243408,0.00047542
29.20627594,0.00083049
29.23011780,0.00093501
29.25395966,0.00076139
29.27780151,0.00086561
29.30164337,0.00113069
29.32548523,0.00104718
29.34932709,0.00059600
29.37316895,0.00025369
29.39701080,0.00045110
29.42085266,0.00093277
29.44469452,0.00123865
29.46853638,0.00111546
29.49237823,0.00074443
29.51622009,0.00034111
29.54006195,0.00028443
29.56390381,0.00029808
29.58774567,0.00106612
29.61158752,0.00132488
29.63542938,0.00097593
29.65927124,0.00029520
29.68311310,0.00096264
29.70695496,0.00133710
29.73079681,0.00101775
29.75463867,0.00057445
29.77848053,0.00037372
29.80232239,0.00019265
29.82616425,0.00068328
29.85000610,0.00078369
29.87384796,0.00060789
29.89768982,0.00055089
29.92153168,0.00080758
29.94537354,0.00072800
29.96921539,0.00030588
29.99305725,0.00043968
30.01689911,0.00030351
30.04074097,0.00027054
30.06458282,0.00057132
30.08842468,0.00056000
30.11226654,0.00032466
30.13610840,0.00073731
30.15995026,0.00085593
30.18379211,0.00041118
30.20763397,0.00055399
30.23147583,0.00093114
30.25531769,0.00064801
30.27915955,0.00002805
30.30300140,0.00051503
30.32684326,0.00074608
30.35068512,0.00126904
30.37452698,0.00177129
30.39836884,0.00173064
30.42221069,0.00112997
30.44605255,0.00029984
30.46989441,0.00015975
30.49373627,0.00031225
30.51757813,0.00073194
30.54141998,0.00099493
30.56526184,0.00087795
30.58910370,0.00045055
30.61294556,0.00011313
30.63678741,0.00050538
30.66062927,0.00094856
30.68447113,0.00103560
30.70831299,0.00056892
30.73215485,0.00048205
30.75599670,0.00113614
30.77983856,0.00135209
30.80368042,0.00104963
30.82752228,0.00076234
30.85136414,0.00065479
30.87520599,0.00003084
30.89904785,0.00061316
30.92288971,0.00125440
30.94673157,0.00825231
30.97057343,0.01570239
30.99441528,0.01759755
31.01825714,0.01732084
31.04209900,0.01301718
31.06594086,0.00453997
31.08978271,0.00015284
31.11362457,0.00064787
31.13746643,0.00107092
31.16130829,0.00129591
31.18515015,0.00111002
31.20899200,0.00060355
31.23283386,0.00025312
31.25667572,0.00031353
31.28051758,0.00065272
31.30435944,0.00054561
31.32820129,0.00050570
31.35204315,0.00181415
31.37588501,0.00250075
31.39972687,0.00246186
31.42356873,0.00168532
31.44741058,0.00045667
31.47125244,0.00028248
31.49509430,0.00049798
31.51893616,0.00082084
31.54277802,0.00109990
31.56661987,0.00150225
31.59046173,0.00140588
31.61430359,0.00112905
31.63814545,0.00140196
31.66198730,0.00139422
31.68582916,0.00095545
31.70967102,0.00058617
31.73351288,0.00104935
31.75735474,0.00159681
31.78119659,0.00167980
31.80503845,0.00140627
31.82888031,0.00059784
31.85272217,0.00013603
31.87656403,0.00050424
31.90040588,0.00064511
31.92424774,0.00376272
31.94808960,0.01711964
31.97193146,0.02972487
31.99577332,0.03228900
32.01961517,0.03167040
32.04345703,0.02359369
32.06729889,0.00848373
32.09114075,0.00095418
32.11498260,0.00101024
32.13882446,0.00139386
32.16266632,0.00149272
32.18650818,0.00147381
32.21035004,0.00098669
32.23419189,0.00070628
32.25803375,0.00105536
32.28187561,0.00118215
32.30571747,0.00070895
32.32955933,0.00102756
32.35340118,0.00271849
32.37724304,0.00334465
32.40108490,0.00334399
32.42492676,0.00256788
32.44876862,0.00092838
32.47261047,0.00032998
32.49645233,0.00096411
32.52029419,0.00146440
32.54413605,0.00199923
32.56797791,0.00300502
32.59181976,0.00323098
32.61566162,0.00277835
32.63950348,0.00284270
32.66334534,0.00242032
32.68718719,0.00129473
32.71102905,0.00056044
32.73487091,0.00137915
32.75871277,0.00182806
32.78255463,0.00211471
32.80639648,0.00219168
32.83023834,0.00153544
32.85408020,0.00104707
32.87792206,0.00129664
32.90176392,0.00106530
32.92560577,0.00523762
32.94944763,0.02365878
32.97328949,0.03969306
32.99713135,0.04264393
33.02097321,0.04208555
33.04481506,0.03101740
33.06865692,0.01116938
33.09249878,0.00163051
33.11634064,0.00132424
33.14018250,0.00196753
33.16402435,0.00235426
33.18786621,0.00276215
33.21170807,0.00246206
33.23554993,0.00193386
33.25939178,0.00190875
33.28323364,0.00165357
33.30707550,0.00084882
33.33091736,0.00133622
33.35475922,0.00314785
33.37860107,0.00390660
33.40244293,0.00411669
33.42628479,0.00326889
33.45012665,0.00140837
33.47396851,0.00044987
33.49781036,0.00076976
33.52165222,0.00116344
33.54549408,0.00198955
33.56933594,0.00366152
33.59317780,0.00439550
33.61701965,0.00408358
33.64086151,0.00391987
33.66470337,0.00279590
33.68854523,0.00096288
33.71238708,0.00052667
33.73622894,0.00177625
33.76007080,0.00243748
33.78391266,0.00284434
33.80775452,0.00278331
33.83159637,0.00168902
33.85543823,0.00086483
33.87928009,0.00084462
33.90312195,0.00039155
33.92696381,0.00787704
33.95080566,0.02926126
33.97464752,0.04640251
33.99848938,0.04900213
34.02233124,0.04794874
34.04617310,0.03421061
34.07001495,0.01170987
34.09385681,0.00172868
34.11769867,0.00124275
34.14154053,0.00149696
34.16538239,0.00195206
34.18922424,0.00263567
34.21306610,0.00258329
34.23690796,0.00233572
34.26074982,0.00227031
34.28459167,0.00165417
34.30843353,0.00073836
34.33227539,0.00170834
34.35611725,0.00321092
34.37995911,0.00357339
34.40380096,0.00385777
34.42764282,0.00324680
34.45148468,0.00156324
34.47532654,0.00083797
34.49916840,0.00084505
34.52301025,0.00079802
34.54685211,0.00163545
34.57069397,0.00368443
34.59453583,0.00466155
34.61837769,0.00443216
34.64221954,0.00412119
34.66606140,0.00254567
34.68990326,0.00050173
34.71374512,0.00105663
34.73758698,0.00189275
34.76142883,0.00207753
34.78527069,0.00235152
34.80911255,0.00251388
34.83295441,0.00173622
34.85679626,0.00127015
34.88063812,0.00130313
34.90447998,0.00061738
34.92832184,0.00899780
34.95216370,0.03125485
34.97600555,0.04774616
34.99984741,0.05004815
35.02368927,0.04902162
35.04753113,0.03424895
35.07137299,0.01148825
35.09521484,0.00188939
35.11905670,0.00108958
35.14289856,0.00108492
35.16674042,0.00171822
35.19058228,0.00263306
35.21442413,0.00255905
35.23826599,0.00218249
35.26210785,0.00185893
35.28594971,0.00090513
35.30979156,0.00053985
35.33363342,0.00233663
35.35747528,0.00384685
35.38131714,0.00427869
35.40515900,0.00459129
35.42900085,0.00400949
35.45284271,0.00239313
35.47668457,0.00163137
35.50052643,0.00157103
35.52436829,0.00135151
35.54821014,0.00209668
35.57205200,0.00421161
35.59589386,0.00527802
35.61973572,0.00523856
35.64357758,0.00491888
35.66741943,0.00306240
35.69126129,0.00096281
35.71510315,0.00123563
35.73894501,0.00201246
35.76278687,0.00222235
35.78662872,0.00253895
35.81047058,0.00267472
35.83431244,0.00201960
35.85815430,0.00153342
35.88199615,0.00132583
35.90583801,0.00068567
35.92967987,0.00940408
35.95352173,0.03040067
35.97736359,0.04471817
36.00120544,0.04633383
36.02504730,0.04501346
36.04888916,0.03049024
36.07273102,0.00969084
36.09657288,0.00159041
36.12041473,0.00103020
36.14425659,0.00090402
36.16809845,0.00148249
36.19194031,0.00259143
36.21578217,0.00274888
36.23962402,0.00247098
36.26346588,0.00210672
36.28730774,0.00103532
36.31114960,0.00102513
36.33499146,0.00255959
36.35883331,0.00360669
36.38267517,0.00375412
36.40651703,0.00398118
36.43035889,0.00348749
36.45420074,0.00208765
36.47804260,0.00136453
36.50188446,0.00104614
36.52572632,0.00054930
36.54956818,0.00106388
36.57341003,0.00331785
36.59725189,0.00465574
36.62109375,0.00476347
36.64493561,0.00425857
36.66877747,0.00231594
36.69261932,0.00029800
36.71646118,0.00099592
36.74030304,0.00116716
36.76414490,0.00093280
36.78798676,0.00129009
36.81182861,0.00171657
36.83567047,0.00147238
36.85951233,0.00123397
36.88335419,0.00093403
36.90719604,0.00082842
36.93103790,0.00910875
36.95487976,0.02669724
36.97872162,0.03760451
37.00256348,0.03847026
37.02640533,0.03699151
37.05024719,0.02438606
37.07408905,0.00765456
37.09793091,0.00158507
37.12177277,0.00093863
37.14561462,0.00050094
37.16945648,0.00094949
37.19329834,0.00188460
37.21714020,0.00209339
37.24098206,0.00194290
37.26482391,0.00159441
37.28866577,0.00058925
37.31250763,0.00072657
37.33634949,0.00180493
37.36019135,0.00226746
37.38403320,0.00218155
37.40787506,0.00250805
37.43171692,0.00243917
37.45555878,0.00174839
37.47940063,0.00142420
37.50324249,0.00107403
37.52708435,0.00058019
37.55092621,0.00136844
37.57476807,0.00321677
37.59860992,0.00405422
37.62245178,0.00372618
37.64629364,0.00270346
37.67013550,0.00065699
37.69397736,0.00107125
37.71781921,0.00153909
37.74166107,0.00131462
37.76550293,0.00109069
37.78934479,0.00152159
37.81318665,0.00206594
37.83702850,0.00208003
37.86087036,0.00186073
37.88471222,0.00133945
37.90855408,0.00083500
37.93239594,0.00688792
37.95623779,0.01943384
37.98007965,0.02664069
38.00392151,0.02731512
38.02776337,0.02631106
38.05160522,0.01704607
38.07544708,0.00545290
38.09928894,0.00134457
38.12313080,0.00062695
38.14697266,0.00030942
38.17081451,0.00079196
38.19465637,0.00156750
38.21849823,0.00190527
38.24234009,0.00183734
38.26618195,0.00128961
38.29002380,0.00058746
38.31386566,0.00090154
38.33770752,0.00134565
38.36154938,0.00131421
38.38539124,0.00108408
38.40923309,0.00136520
38.43307495,0.00149632
38.45691681,0.00122334
38.48075867,0.00107847
38.50460052,0.00086794
38.52844238,0.00073016
38.55228424,0.00066758
38.57612610,0.00206916
38.59996796,0.00306592
38.62380981,0.00317520
38.64765167,0.00251488
38.67149353,0.00101493
38.69533539,0.00067981
38.71917725,0.00082590
38.74301910,0.00042871
38.76686096,0.00041381
38.79070282,0.00084774
38.81454468,0.00147633
38.83838654,0.00162623
38.86222839,0.00128683
38.88607025,0.00063937
38.90991211,0.00051741
38.93375397,0.00416169
38.95759583,0.01053141
38.98143768,0.01366980
39.00527954,0.01386375
39.02912140,0.01355305
39.05296326,0.00898993
39.07680511,0.00339307
39.10064697,0.00129035
39.12448883,0.00057504
39.14833069,0.00047186
39.17217255,0.00015497
39.19601440,0.00077977
39.21985626,0.00132369
39.24369812,0.00134822
39.26753998,0.00085235
39.29138184,0.00046510
39.31522369,0.00082327
39.33906555,0.00076649
39.36290741,0.00046313
39.38674927,0.00043239
39.41059113,0.00012226
39.43443298,0.00056907
39.45827484,0.00072786
39.48211670,0.00059645
39.50595856,0.00027404
39.52980042,0.00040970
39.55364227,0.00015877
39.57748413,0.00073664
39.60132599,0.00135975
39.62516785,0.00132923
39.64900970,0.00072993
39.67285156,0.00044708
39.69669342,0.00081658
39.72053528,0.00051051
39.74437714,0.00040962
39.76821899,0.00078578
39.79206085,0.00053880
39.81590271,0.00038261
39.83974457,0.00074101
39.86358643,0.00083366
39.88742828,0.00099827
39.91127014,0.00130367
39.93511200,0.00134405
39.95895386,0.00092175
39.98279572,0.00042100
40.00663757,0.00033058
40.03047943,0.00025865
40.05432129,0.00082439
40.07816315,0.00100224
40.10200500,0.00077664
40.12584686,0.00054071
40.14968872,0.00092009
40.17353058,0.00091871
40.19737244,0.00052297
40.22121429,0.00065968
40.24505615,0.00061691
40.26889801,0.00009465
40.29273987,0.00045677
40.31658173,0.00049548
40.34042358,0.00047093
40.36426544,0.00109292
40.38810730,0.00130573
40.41194916,0.00091446
40.43579102,0.00010377
40.45963287,0.00050515
40.48347473,0.00034196
40.50731659,0.00037383
40.53115845,0.00083263
40.55500031,0.00086798
40.57884216,0.00054821
40.60268402,0.00026125
40.62652588,0.00025777
40.65036774,0.00043121
40.67420959,0.00084126
40.69805145,0.00072112
40.72189331,0.00030144
40.74573517,0.00095898
40.76957703,0.00135943
40.79341888,0.00118266
40.81726074,0.00078356
40.84110260,0.00102407
40.86494446,0.00085436
40.88878632,0.00044104
40.91262817,0.00045211
40.93647003,0.00284025
40.96031189,0.00914874
40.98415375,0.01255671
41.00799561,0.01307266
41.03183746,0.01180058
41.05567932,0.00629101
41.07952118,0.00119592
41.10336304,0.00005475
41.12720490,0.00066994
41.15104675,0.00110422
41.17488861,0.00112534
41.19873047,0.00066043
41.22257233,0.00022868
41.24641418,0.00018401
41.27025604,0.00037993
41.29409790,0.00066040
41.31793976,0.00036260
41.34178162,0.00121581
41.36562347,0.00222642
41.38946533,0.00248795
41.41330719,0.00217076
41.43714905,0.00108295
41.46099091,0.00008901
41.48483276,0.00042894
41.50867462,0.00103953
41.53251648,0.00140848
41.55635834,0.00191025
41.58020020,0.00225858
41.60404205,0.00198036
41.62788391,0.00192597
41.65172577,0.00208027
41.67556763,0.00166631
41.69940948,0.00075233
41.72325134,0.00066763
41.74709320,0.00164753
41.77093506,0.00202116
41.79477692,0.00196606
41.81861877,0.00118557
41.84246063,0.00031213
41.86630249,0.00019729
41.89014435,0.00068531
41.91398621,0.00036684
41.93782806,0.00749255
41.96166992,0.01917497
41.98551178,0.02443853
42.00935364,0.02473114
42.03319550,0.02185978
42.05703735,0.01135788
42.08087921,0.00218233
42.10472107,0.00038859
42.12856293,0.00108532
42.15240479,0.00147868
42.17624664,0.00171933
42.20008850,0.00158889
42.22393036,0.00105559
42.24777222,0.00114071
42.27161407,0.00147906
42.29545593,0.00131132
42.31929779,0.00074805
42.34313965,0.00188417
42.36698151,0.00304668
42.39082336,0.00337687
42.41466522,0.00307596
42.43850708,0.00164610
42.46234894,0.00032573
42.48619080,0.00061467
42.51003265,0.00107464
42.53387451,0.00139945
42.55771637,0.00222173
42.58155823,0.00303151
42.60540009,0.00282676
42.62924194,0.00272999
42.65308380,0.00259192
42.67692566,0.00155080
42.70076752,0.00046223
42.72460938,0.00083387
42.74845123,0.00175259
42.77229309,0.00216833
42.79613495,0.00236848
42.81997681,0.00182501
42.84381866,0.00096975
42.86766052,0.00102370
42.89150238,0.00126600
42.91534424,0.00090125
42.93918610,0.01110211
42.96302795,0.02643074
42.98686981,0.03268870
43.01071167,0.03322195
43.03455353,0.02943918
43.05839539,0.01520866
43.08223724,0.00326107
43.10607910,0.00098123
43.12992096,0.00136915
43.15376282,0.00170103
43.17760468,0.00226940
43.20144653,0.00239469
43.22528839,0.00186154
43.24913025,0.00171032
43.27297211,0.00154555
43.29681396,0.00085356
43.32065582,0.00061216
43.34449768,0.00227568
43.36833954,0.00309711
43.39218140,0.00314469
43.41602325,0.00290194
43.43986511,0.00152041
43.46370697,0.00032991
43.48754883,0.00051961
43.51139069,0.00095146
43.53523254,0.00127932
43.55907440,0.00257608
43.58291626,0.00406658
43.60675812,0.00420289
43.63059998,0.00415720
43.65444183,0.00366851
43.67828369,0.00196118
43.70212555,0.00038303
43.72596741,0.00090515
43.74980927,0.00165532
43.77365112,0.00211325
43.79749298,0.00262532
43.82133484,0.00232571
43.84517670,0.00154978
43.86901855,0.00138194
43.89286041,0.00113847
43.91670227,0.00184748
43.94054413,0.01431968
43.96438599,0.03141245
43.98822784,0.03748584
44.01206970,0.03766155
44.03591156,0.03264785
44.05975342,0.01605633
44.08359528,0.00312041
44.10743713,0.00101222
44.13127899,0.00139566
44.15512085,0.00151136
44.17896271,0.00206731
44.20280457,0.00228084
44.22664642,0.00173970
44.25048828,0.00162152
44.27433014,0.00137855
44.29817200,0.00045496
44.32201385,0.00107930
44.34585571,0.00298225
44.36969757,0.00395496
44.39353943,0.00416445
44.41738129,0.00400911
44.44122314,0.00262563
44.46506500,0.00139110
44.48890686,0.00147786
44.51274872,0.00165044
44.53659058,0.00189103
44.56043243,0.00337737
44.58427429,0.00493966
44.60811615,0.00492732
44.63195801,0.00462006
44.65579987,0.00350349
44.67964172,0.00118181
44.70348358,0.00067722
44.72732544,0.00185231
44.75116730,0.00230435
44.77500916,0.00231438
44.79885101,0.00250493
44.82269287,0.00215734
44.84653473,0.00161084
44.87037659,0.00161993
44.89421844,0.00131706
44.91806030,0.00256244
44.94190216,0.01610242
44.96574402,0.03356119
44.98958588,0.03918999
45.01342773,0.03927312
45.03726959,0.03357362
45.06111145,0.01613307
45.08495331,0.00347166
45.10879517,0.00176394
45.13263702,0.00172394
45.15647888,0.00175777
45.18032074,0.00246659
45.20416260,0.00289819
45.22800446,0.00278392
45.25184631,0.00276923
45.27568817,0.00216419
45.29953003,0.00103032
45.32337189,0.00152423
45.34721375,0.00330937
45.37105560,0.00404198
45.39489746,0.00418491
45.41873932,0.00403417
45.44258118,0.00258029
45.46642303,0.00126399
45.49026489,0.00115566
45.51410675,0.00106862
45.53794861,0.00136361
45.56179047,0.00335340
45.58563232,0.00526355
45.60947418,0.00541583
45.63331604,0.00520382
45.65715790,0.00395604
45.68099976,0.00151318
45.70484161,0.00050551
45.72868347,0.00136626
45.75252533,0.00172820
45.77636719,0.00205584
45.80020905,0.00269431
45.82405090,0.00261035
45.84789276,0.00195223
45.87173462,0.00164635
45.89557648,0.00108504
45.91941833,0.00259473
45.94326019,0.01580757
45.96710205,0.03150234
45.99094391,0.03605836
46.01478577,0.03629708
46.03862762,0.03062556
46.06246948,0.01421287
46.08631134,0.00289380
46.11015320,0.00106307
46.13399506,0.00074266
46.15783691,0.00077265
46.18167877,0.00170583
46.20552063,0.00239188
46.22936249,0.00222395
46.25320435,0.00198622
46.27704620,0.00131098
46.30088806,0.00023357
46.32472992,0.00148421
46.34857178,0.00298236
46.37241364,0.00349840
46.39625549,0.00374831
46.42009735,0.00378312
46.44393921,0.00248319
46.46778107,0.00111516
46.49162292,0.00065798
46.51546478,0.00033248
46.53930664,0.00074204
46.56314850,0.00275625
46.58699036,0.00475477
46.61083221,0.00494560
46.63467407,0.00445400
46.65851593,0.00285718
46.68235779,0.00047480
46.70619965,0.00131280
46.73004150,0.00179349
46.75388336,0.00167834
46.77772522,0.00176290
46.80156708,0.00239841
46.82540894,0.00249603
46.84925079,0.00205453
46.87309265,0.00170477
46.89693451,0.00092807
46.92077637,0.00278027
46.94461823,0.01416814
46.96846008,0.02667503
46.99230194,0.02979355
47.01614380,0.02992478
47.03998566,0.02489150
47.06382751,0.01136238
47.08766937,0.00254682
47.11151123,0.00099553
47.13535309,0.00062591
47.15919495,0.00065512
47.18303680,0.00147093
47.20687866,0.00208078
47.23072052,0.00198321
47.25456238,0.00171898
47.27840424,0.00100917
47.30224609,0.00014110
47.32608795,0.00111204
47.34992981,0.00197499
47.37377167,0.00207470
47.39761353,0.00231293
47.42145538,0.00258251
47.44529724,0.00197031
47.46913910,0.00138502
47.49298096,0.00120737
47.51682281,0.00081380
47.54066467,0.00076233
47.56450653,0.00219700
47.58834839,0.00364959
47.61219025,0.00384182
47.63603210,0.00353165
47.65987396,0.00226704
47.68371582,0.00073718
47.70755768,0.00101349
47.73139954,0.00104246
47.75524139,0.00072870
47.77908325,0.00076492
47.80292511,0.00129008
47.82676697,0.00149233
47.85060883,0.00133105
47.87445068,0.00104849
47.89829254,0.00061868
47.92213440,0.00310007
47.94597626,0.01158302
47.96981812,0.02003316
47.99365997,0.02168185
48.01750183,0.02160008
48.04134369,0.01759550
48.06518555,0.00791769
48.08902740,0.00208661
48.11286926,0.00101790
48.13671112,0.00054915
48.16055298,0.00025831
48.18439484,0.00115873
48.20823669,0.00188265
48.23207855,0.00189792
48.25592041,0.00149870
48.27976227,0.00064317
48.30360413,0.00077081
48.32744598,0.00135695
48.35128784,0.00150589
48.37512970,0.00123349
48.39897156,0.00139712
48.42281342,0.00176877
48.44665527,0.00152902
48.47049713,0.00105830
48.49433899,0.00059950
48.51818085,0.00044196
48.54202271,0.00047053
48.56586456,0.00094167
48.58970642,0.00224461
48.61354828,0.00261201
48.63739014,0.00232773
48.66123199,0.00121399
48.68507385,0.00036049
48.70891571,0.00073846
48.73275757,0.00038331
48.75659943,0.00018332
48.78044128,0.00016461
48.80428314,0.00067626
48.82812500,0.00124830
48.85196686,0.00137595
48.87580872,0.00104068
48.89965057,0.00040079
48.92349243,0.00216149
48.94733429,0.00677959
48.97117615,0.01091721
48.99501801,0.01157398
49.01885986,0.01169378
49.04270172,0.00973423
49.06654358,0.00476389
49.09038544,0.00165653
49.11422729,0.00074272
49.13806915,0.00035931
49.16191101,0.00019847
49.18575287,0.00058807
49.20959473,0.00134942
49.23343658,0.00157372
49.25727844,0.00136891
49.28112030,0.00089018
49.30496216,0.00080635
49.32880402,0.00076547
49.35264587,0.00041763
49.37648773,0.00006770
49.40032959,0.00026049
49.42417145,0.00086111
49.44801331,0.00120632
49.47185516,0.00102256
49.49569702,0.00037362
49.51953888,0.00042590
49.54338074,0.00067651
49.56722260,0.00048169
49.59106445,0.00131299
49.61490631,0.00172152
49.63874817,0.00145903
49.66259003,0.00089725
49.68643188,0.00074546
49.71027374,0.00064140
49.73411560,0.00011337
49.75795746,0.00072221
49.78179932,0.00076038
49.80564117,0.00032989
49.82948303,0.00056846
49.85332489,0.00063706
49.87716675,0.00022869
49.90100861,0.00055739
49.92485046,0.00089343
49.94869232,0.00083568
49.97253418,0.00038015
49.99637604,0.00032978
50.02021790,0.00055269
50.04405975,0.00087837
50.06790161,0.00097188
50.09174347,0.00073405
50.11558533,0.00011640
50.13942719,0.00068120
50.16326904,0.00088003
50.18711090,0.00053215
50.21095276,0.00023705
50.23479462,0.00063895
50.25863647,0.00044278
50.28247833,0.00055639
50.30632019,0.00072525
50.33016205,0.00034798
50.35400391,0.00058846
50.37784576,0.00114346
50.40168762,0.00103749
50.42552948,0.00067241
50.44937134,0.00095092
50.47321320,0.00091807
50.49705505,0.00024962
50.52089691,0.00053549
50.54473877,0.00102947
50.56858063,0.00113573
50.59242249,0.00080182
50.61626434,0.00048024
50.64010620,0.00035083
50.66394806,0.00073726
50.68778992,0.00078538
50.71163177,0.00030012
50.73547363,0.00075681
50.75931549,0.00141707
50.78315735,0.00154561
50.80699921,0.00099935
50.83084106,0.00025335
50.85468292,0.00044325
50.87852478,0.00040999
50.90236664,0.00047858
50.92620850,0.00087296
50.95005035,0.00539726
50.97389221,0.00954455
50.99773407,0.01042856
51.02157593,0.01000993
51.04541779,0.00687025
51.06925964,0.00195681
51.09310150,0.00030874
51.11694336,0.00076030
51.14078522,0.00125494
51.16462708,0.00136124
51.18846893,0.00106794
51.21231079,0.00046591
51.23615265,0.00035567
51.25999451,0.00053435
51.28383636,0.00064824
51.30767822,0.00035993
51.33152008,0.00067716
51.35536194,0.00174379
51.37920380,0.00219932
51.40304565,0.00208854
51.42688751,0.00114972
51.45072937,0.00021851
51.47457123,0.00072172
51.49841309,0.00062625
51.52225494,0.00074524
51.54609680,0.00115873
51.56993866,0.00183636
51.59378052,0.00184532
51.61762238,0.00159707
51.64146423,0.00181229
51.66530609,0.00165700
51.68914795,0.00089151
51.71298981,0.00026931
51.73683167,0.00120999
51.76067352,0.00173973
51.78451538,0.00180049
51.80835724,0.00139647
51.83219910,0.00051152
51.85604095,0.00023243
51.87988281,0.00083768
51.90372467,0.00093732
51.92756653,0.00238611
51.95140839,0.01124825
51.97525024,0.01852937
51.99909210,0.01993204
52.02293396,0.01936793
52.04677582,0.01342234
52.07061768,0.00423128
52.09445953,0.00051381
52.11830139,0.00096048
52.14214325,0.00150167
52.16598511,0.00176012
52.18982697,0.00183208
52.21366882,0.00137461
52.23751068,0.00107757
52.26135254,0.00139836
52.28519440,0.00151078
52.30903625,0.00107553
52.33287811,0.00140955
52.35671997,0.00282480
52.38056183,0.00334872
52.40440369,0.00333699
52.42824554,0.00259220
52.45208740,0.00133190
52.47592926,0.00123605
52.49977112,0.00184142
52.52361298,0.00197795
52.54745483,0.00222798
52.57129669,0.00301730
52.59513855,0.00289981
52.61898041,0.00239277
52.64282227,0.00251878
52.66666412,0.00193186
52.69050598,0.00076456
52.71434784,0.00033324
52.73818970,0.00143336
52.76203156,0.00205103
52.78587341,0.00230261
52.80971527,0.00199962
52.83355713,0.00108433
52.85739899,0.00089165
52.88124084,0.00150653
52.90508270,0.00149428
52.92892456,0.00321717
52.95276642,0.01538514
52.97660828,0.02477204
53.00045013,0.02654806
53.02429199,0.02603199
53.04813385,0.01789972
53.07197571,0.00563575
53.09581757,0.00065074
53.11965942,0.00088102
53.14350128,0.00132507
53.16734314,0.00197243
53.19118500,0.00252737
53.21502686,0.00210281
53.23886871,0.00168555
53.26271057,0.00169795
53.28655243,0.00129071
53.31039429,0.00052762
53.33423615,0.00155426
53.35807800,0.00315303
53.38191986,0.00370906
53.40576172,0.00391457
53.42960358,0.00308614
53.45344543,0.00130931
53.47728729,0.00063652
53.50112915,0.00095638
53.52497101,0.00123377
53.54881287,0.00229746
53.57265472,0.00417981
53.59649658,0.00486358
53.62033844,0.00457667
53.64418030,0.00417594
53.66802216,0.00265857
53.69186401,0.00091399
53.71570587,0.00113208
53.73954773,0.00194050
53.76338959,0.00230033
53.78723145,0.00272081
53.81107330,0.00275860
53.83491516,0.00196105
53.85875702,0.00142496
53.88259888,0.00133907
53.90644073,0.00077721
53.93028259,0.00617276
53.95412445,0.02028487
53.97796631,0.02995557
54.00180817,0.03117730
54.02565002,0.03007624
54.04949188,0.02003789
54.07333374,0.00616274
54.09717560,0.00100159
54.12101746,0.00115641
54.14485931,0.00144764
54.16870117,0.00206787
54.19254303,0.00270949
54.21638489,0.00231759
54.24022675,0.00187211
54.26406860,0.00177008
54.28791046,0.00103735
54.31175232,0.00037008
54.33559418,0.00217447
54.35943604,0.00370939
54.38327789,0.00414523
54.40711975,0.00422648
54.43096161,0.00332131
54.45480347,0.00169373
54.47864532,0.00110299
54.50248718,0.00118422
54.52632904,0.00123540
54.55017090,0.00226383
54.57401276,0.00443817
54.59785461,0.00552901
54.62169647,0.00559465
54.64553833,0.00522644
54.66938019,0.00332524
54.69322205,0.00105687
54.71706390,0.00068212
54.74090576,0.00176031
54.76474762,0.00214710
54.78858948,0.00260988
54.81243134,0.00269657
54.83627319,0.00191613
54.86011505,0.00151551
54.88395691,0.00144822
54.90779877,0.00050637
54.93164063,0.00676868
54.95548248,0.02154172
54.97932434,0.03083715
55.00316620,0.03180133
55.02700806,0.03059315
55.05084991,0.01987982
55.07469177,0.00590004
55.09853363,0.00116095
55.12237549,0.00112636
55.14621735,0.00109377
55.17005920,0.00163836
55.19390106,0.00254476
55.21774292,0.00251962
55.24158478,0.00220213
55.26542664,0.00191266
55.28926849,0.00095509
55.31311035,0.00038157
55.33695221,0.00209091
55.36079407,0.00323361
55.38463593,0.00352908
55.40847778,0.00397178
55.43231964,0.00344182
55.45616150,0.00205338
55.48000336,0.00162280
55.50384521,0.00157721
55.52768707,0.00118742
55.55152893,0.00185263
55.57537079,0.00392855
55.59921265,0.00472891
55.62305450,0.00445885
55.64689636,0.00387577
55.67073822,0.00191720
55.69458008,0.00023093
55.71842194,0.00117600
55.74226379,0.00138921
55.76610565,0.00124485
55.78994751,0.00175859
55.81378937,0.00220923
55.83763123,0.00184155
55.86147308,0.00162865
55.88531494,0.00145368
55.90915680,0.00073459
55.93299866,0.00735795
55.95684052,0.02111725
55.98068237,0.02902353
56.00452423,0.02968895
56.02836609,0.02843883
56.05220795,0.01820067
56.07604980,0.00562566
56.09989166,0.00170240
56.12373352,0.00149325
56.14757538,0.00122247
56.17141724,0.00161206
56.19525909,0.00240366
56.21910095,0.00243326
56.24294281,0.00212170
56.26678467,0.00162171
56.29062653,0.00052232
56.31446838,0.00086441
56.33831024,0.00228702
56.36215210,0.00301314
56.38599396,0.00306384
56.40983582,0.00334495
56.43367767,0.00283764
56.45751953,0.00159068
56.48136139,0.00105382
56.50520325,0.00079566
56.52904510,0.00067089
56.55288696,0.00197219
56.57672882,0.00430850
56.60057068,0.00520532
56.62441254,0.00492111
56.64825439,0.00399497
56.67209625,0.00171841
56.69593811,0.00043334
56.71977997,0.00118649
56.74362183,0.00131459
56.76746368,0.00128129
56.79130554,0.00191936
56.81514740,0.00248094
56.83898926,0.00222221
56.86283112,0.00188377
56.88667297,0.00127066
56.91051483,0.00048500
56.93435669,0.00703513
56.95819855,0.01872805
56.98204041,0.02482046
57.00588226,0.02524771
57.02972412,0.02409232
57.05356598,0.01524146
57.07740784,0.00506554
57.10124969,0.00186457
57.12509155,0.00129945
57.14893341,0.00077737
57.17277527,0.00091724
57.19661713,0.00175877
57.22045898,0.00206504
57.24430084,0.00201196
57.26814270,0.00146185
57.29198456,0.00041308
57.31582642,0.00095900
57.33966827,0.00197235
57.36351013,0.00231264
57.38735199,0.00228229
57.41119385,0.00270991
57.43503571,0.00255215
57.45887756,0.00180759
57.48271942,0.00145655
57.50656128,0.00101937
57.53040314,0.00062358
57.55424500,0.00166121
57.57808685,0.00354693
57.60192871,0.00425861
57.62577057,0.00403022
57.64961243,0.00313868
57.67345428,0.00115751
57.69729614,0.00065839
57.72113800,0.00101155
57.74497986,0.00078329
57.76882172,0.00063065
57.79266357,0.00111191
57.81650543,0.00158953
57.84034729,0.00155849
57.86418915,0.00132757
57.88803101,0.00085103
57.91187286,0.00137549
57.93571472,0.00619107
57.95955658,0.01435652
57.98339844,0.01806750
58.00724030,0.01813050
58.03108215,0.01705953
58.05492401,0.01037434
58.07876587,0.00314723
58.10260773,0.00087340
58.12644958,0.00050655
58.15029144,0.00037313
58.17413330,0.00064201
58.19797516,0.00169501
58.22181702,0.00207360
58.24565887,0.00202133
58.26950073,0.00149419
58.29334259,0.00049358
58.31718445,0.00032826
58.34102631,0.00071132
58.36486816,0.00074068
58.38871002,0.00097129
58.41255188,0.00177070
58.43639374,0.00215071
58.46023560,0.00188794
58.48407745,0.00146667
58.50791931,0.00066101
58.53176117,0.00036808
58.55560303,0.00092327
58.57944489,0.00240947
58.60328674,0.00322525
58.62712860,0.00323112
58.65097046,0.00247330
58.67481232,0.00079183
58.69865417,0.00054200
58.72249603,0.00071212
58.74633789,0.00031195
58.77017975,0.00019884
58.79402161,0.00055969
58.81786346,0.00119373
58.84170532,0.00139220
58.86554718,0.00117175
58.88938904,0.00057621
58.91323090,0.00045266
58.93707275,0.00322707
58.96091461,0.00747540
58.98475647,0.00925216
59.00859833,0.00948651
59.03244019,0.00925878
59.05628204,0.00588960
59.08012390,0.00205083
59.10396576,0.00050307
59.12780762,0.00038860
59.15164948,0.00070407
59.17549133,0.00065283
59.19933319,0.00122358
59.22317505,0.00160959
59.24701691,0.00148774
59.27085876,0.00068471
59.29470062,0.00043076
59.31854248,0.00098985
59.34238434,0.00101641
59.36622620,0.00074799
59.39006805,0.00047013
59.41390991,0.00054097
59.43775177,0.00091843
59.46159363,0.00093939
59.48543549,0.00062999
59.50927734,0.00035481
59.53311920,0.00061631
59.55696106,0.00026015
59.58080292,0.00067011
59.60464478,0.00135039
59.62848663,0.00145419
59.65232849,0.00095667
59.67617035,0.00074100
59.70001221,0.00094283
59.72385406,0.00065416
59.74769592,0.00045399
59.77153778,0.00055740
59.79537964,0.00013869
59.81922150,0.00051253
59.84306335,0.00071482
59.86690521,0.00045204
59.89074707,0.00041902
59.91458893,0.00102307
59.93843079,0.00116908
59.96227264,0.00080589
59.98611450,0.00027781
60.00995636,0.00025764
60.03379822,0.00069289
60.05764008,0.00095317
60.08148193,0.00084206
60.10532379,0.00038899
60.12916565,0.00041448
60.15300751,0.00083995
60.17684937,0.00071074
60.20069122,0.00044790
60.22453308,0.00073050
60.24837494,0.00065285
60.27221680,0.00029397
60.29605865,0.00049858
60.31990051,0.00053676
60.34374237,0.00007159
60.36758423,0.00084220
60.39142609,0.00107399
60.41526794,0.00068837
60.43910980,0.00067123
60.46295166,0.00091105
60.48679352,0.00051767
60.51063538,0.00047016
60.53447723,0.00113519
60.55831909,0.00133225
60.58216095,0.00097456
60.60600281,0.00039596
60.62984467,0.00050602
60.65368652,0.00105543
60.67752838,0.00132909
60.70137024,0.00104374
60.72521210,0.00021927
60.74905396,0.00064009
60.77289581,0.00095560
60.79673767,0.00064685
60.82057953,0.00022197
60.84442139,0.00070490
60.86826324,0.00037783
60.89210510,0.00061573
60.91594696,0.00082976
60.93978882,0.00247962
60.96363068,0.00667583
60.98747253,0.00880652
61.01131439,0.00910867
61.03515625,0.00779430
61.05899811,0.00379858
61.08283997,0.00082981
61.10668182,0.00042089
61.13052368,0.00084383
61.15436554,0.00104536
61.17820740,0.00107532
61.20204926,0.00073071
61.22589111,0.00035695
61.24973297,0.00050221
61.27357483,0.00098534
61.29741669,0.00120186
61.32125854,0.00068782
61.34510040,0.00079426
61.36894226,0.00171563
61.39278412,0.00206638
61.41662598,0.00177646
61.44046783,0.00065974
61.46430969,0.00025570
61.48815155,0.00043592
61.51199341,0.00074230
61.53583527,0.00103267
61.55967712,0.00154222
61.58351898,0.00179064
61.60736084,0.00145602
61.63120270,0.00154404
61.65504456,0.00173938
61.67888641,0.00129942
61.70272827,0.00069653
61.72657013,0.00066261
61.75041199,0.00131096
61.77425385,0.00156577
61.79809570,0.00140883
61.82193756,0.00069866
61.84577942,0.00028662
61.86962128,0.00054783
61.89346313,0.00077736
61.91730499,0.00016346
61.94114685,0.00546009
61.96498871,0.01302914
61.98883057,0.01584100
62.01267242,0.01589554
62.03651428,0.01337405
62.06035614,0.00581996
62.08419800,0.00023622
62.10803986,0.00057802
62.13188171,0.00075060
62.15572357,0.00098260
62.17956543,0.00130193
62.20340729,0.00116777
62.22724915,0.00070799
62.25109100,0.00090935
62.27493286,0.00124334
62.29877472,0.00105963
62.32261658,0.00037302
62.34645844,0.00182627
62.37030029,0.00286292
62.39414215,0.00321695
62.41798401,0.00302039
62.44182587,0.00181606
62.46566772,0.00085788
62.48950958,0.00101174
62.51335144,0.00142354
62.53719330,0.00177997
62.56103516,0.00277433
62.58487701,0.00360293
62.60871887,0.00337714
62.63256073,0.00326700
62.65640259,0.00286911
62.68024445,0.00154467
62.70408630,0.00021114
62.72792816,0.00112243
62.75177002,0.00182304
62.77561188,0.00198207
62.79945374,0.00202037
62.82329559,0.00135348
62.84713745,0.00050774
62.87097931,0.00056052
62.89482117,0.00075825
62.91866302,0.00117225
62.94250488,0.00888779
62.96634674,0.01892038
62.99018860,0.02228874
63.01403046,0.02231309
63.03787231,0.01878802
63.06171417,0.00862882
63.08555603,0.00141086
63.10939789,0.00059211
63.13323975,0.00107597
63.15708160,0.00138891
63.18092346,0.00188025
63.20476532,0.00186730
63.22860718,0.00138535
63.25244904,0.00142815
63.27629089,0.00132097
63.30013275,0.00054922
63.32397461,0.00090828
63.34781647,0.00270465
63.37165833,0.00355627
63.39550018,0.00369209
63.41934204,0.00336153
63.44318390,0.00192102
63.46702576,0.00100936
63.49086761,0.00123746
63.51470947,0.00140832
63.53855133,0.00166055
63.56239319,0.00310964
63.58623505,0.00443250
63.61007690,0.00435561
63.63391876,0.00419414
63.65776062,0.00334961
63.68160248,0.00135709
63.70544434,0.00063583
63.72928619,0.00177153
63.75312805,0.00232156
63.77696991,0.00251723
63.80081177,0.00263649
63.82465363,0.00204088
63.84849548,0.00140431
63.87233734,0.00150534
63.89617920,0.00146224
63.92002106,0.00156535
63.94386292,0.01090871
63.96770477,0.02243776
63.99154663,0.02594551
64.01538849,0.02609207
64.03923035,0.02176932
64.06307220,0.00981609
64.08691406,0.00181834
64.11075592,0.00092805
64.13459778,0.00122352
64.15843964,0.00146803
64.18228149,0.00207085
64.20612335,0.00223785
64.22996521,0.00187486
64.25380707,0.00187869
64.27764893,0.00149657
64.30149078,0.00048820
64.32533264,0.00140915
64.34917450,0.00311008
64.37301636,0.00373402
64.39685822,0.00387160
64.42070007,0.00353687
64.44454193,0.00191539
64.46838379,0.00069988
64.49222565,0.00077570
64.51606750,0.00086379
64.53990936,0.00132807
64.56375122,0.00330468
64.58759308,0.00502221
64.61143494,0.00497496
64.63527679,0.00471755
64.65911865,0.00357328
64.68296051,0.00120823
64.70680237,0.00057282
64.73064423,0.00150973
64.75448608,0.00185951
64.77832794,0.00212736
64.80216980,0.00250830
64.82601166,0.00208710
64.84985352,0.00150631
64.87369537,0.00155010
64.89753723,0.00131691
64.92137909,0.00217446
64.94522095,0.01227901
64.96906281,0.02359586
64.99290466,0.02659582
65.01674652,0.02667661
65.04058838,0.02192823
65.06443024,0.00987117
65.08827209,0.00232884
65.11211395,0.00161749
65.13595581,0.00172408
65.15979767,0.00177726
65.18363953,0.00244704
65.20748138,0.00275651
65.23132324,0.00248190
65.25516510,0.00244663
65.27900696,0.00203730
65.30284882,0.00107682
65.32669067,0.00157394
65.35053253,0.00306782
65.37437439,0.00351257
65.39821625,0.00370012
65.42205811,0.00357969
65.44589996,0.00225353
65.46974182,0.00124828
65.49358368,0.00127507
65.51742554,0.00112709
65.54126740,0.00136370
65.56510925,0.00329364
65.58895111,0.00488903
65.61279297,0.00474946
65.63663483,0.00430583
65.66047668,0.00288272
65.68431854,0.00060486
65.70816040,0.00091952
65.73200226,0.00150775
65.75584412,0.00159590
65.77968597,0.00197794
65.80352783,0.00276161
65.82736969,0.00270374
65.85121155,0.00220489
65.87505341,0.00189173
65.89889526,0.00099524
65.92273712,0.00258488
65.94657898,0.01264049
65.97042084,0.02293949
65.99426270,0.02536821
66.01810455,0.02542233
66.04194641,0.02053665
66.06578827,0.00902706
66.08963013,0.00224170
66.11347198,0.00132234
66.13731384,0.00108320
66.16115570,0.00132254
66.18499756,0.00231810
66.20883942,0.00275816
66.23268127,0.00257029
66.25652313,0.00240880
66.28036499,0.00163840
66.30420685,0.00052011
66.32804871,0.00105793
66.35189056,0.00232016
66.37573242,0.00266496
66.39957428,0.00296650
66.42341614,0.00306856
66.44725800,0.00207776
66.47109985,0.00129942
66.49494171,0.00110473
66.51878357,0.00074431
66.54262543,0.00087027
66.56646729,0.00294779
66.59030914,0.00478669
66.61415100,0.00500317
66.63799286,0.00474480
66.66183472,0.00311912
66.68567657,0.00057525
66.70951843,0.00103907
66.73336029,0.00145640
66.75720215,0.00142813
66.78104401,0.00169186
66.80488586,0.00221573
66.82872772,0.00209612
66.85256958,0.00168086
66.87641144,0.00134371
66.90025330,0.00047324
66.92409515,0.00269565
66.94793701,0.01136558
66.97177887,0.01956564
66.99562073,0.02129123
67.01946259,0.02154060
67.04330444,0.01739400
67.06714630,0.00784568
67.09098816,0.00254842
67.11483002,0.00161340
67.13867188,0.00105710
67.16251373,0.00106628
67.18635559,0.00210166
67.21019745,0.00289104
67.23403931,0.00289923
67.25788116,0.00255372
67.28172302,0.00162836
67.30556488,0.00064929
67.32940674,0.00087348
67.35324860,0.00156565
67.37709045,0.00174636
67.40093231,0.00226666
67.42477417,0.00274006
67.44861603,0.00223080
67.47245789,0.00159612
67.49629974,0.00104898
67.52014160,0.00035369
67.54398346,0.00079659
67.56782532,0.00274765
67.59166718,0.00437165
67.61550903,0.00473493
67.63935089,0.00449941
67.66319275,0.00282555
67.68703461,0.00084025
67.71087646,0.00086255
67.73471832,0.00095625
67.75856018,0.00068138
67.78240204,0.00082361
67.80624390,0.00158413
67.83008575,0.00188769
67.85392761,0.00178116
67.87776947,0.00150355
67.90161133,0.00066300
67.92545319,0.00216428
67.94929504,0.00854770
67.97313690,0.01397618
67.99697876,0.01485678
68.02082062,0.01502022
68.04466248,0.01187836
68.06850433,0.00514059
68.09234619,0.00159420
68.11618805,0.00100819
68.14002991,0.00063683
68.16387177,0.00068248
68.18771362,0.00156604
68.21155548,0.00206779
68.23539734,0.00192246
68.25923920,0.00145863
68.28308105,0.00063191
68.30692291,0.00099499
68.33076477,0.00153074
68.35460663,0.00157746
68.37844849,0.00128564
68.40229034,0.00159347
68.42613220,0.00215381
68.44997406,0.00203625
68.47381592,0.00167217
68.49765778,0.00125305
68.52149963,0.00057273
68.54534149,0.00031540
68.56918335,0.00163528
68.59302521,0.00283120
68.61686707,0.00301882
68.64070892,0.00255686
68.66455078,0.00126964
68.68839264,0.00021368
68.71223450,0.00071507
68.73607635,0.00051182
68.75991821,0.00022831
68.78376007,0.00007189
68.80760193,0.00044733
68.83144379,0.00074499
68.85528564,0.00071979
68.87912750,0.00054132
68.90296936,0.00048827
68.92681122,0.00203586
68.95065308,0.00562150
68.97449493,0.00832526
68.99833679,0.00855420
69.02217865,0.00854332
69.04602051,0.00667805
69.06986237,0.00295261
69.09370422,0.00089714
69.11754608,0.00014649
69.14138794,0.00037707
69.16522980,0.00048211
69.18907166,0.00099329
69.21291351,0.00155722
69.23675537,0.00155577
69.26059723,0.00105497
69.28443909,0.00039156
69.30828094,0.00070914
69.33212280,0.00068020
69.35596466,0.00042058
69.37980652,0.00021935
69.40364838,0.00006493
69.42749023,0.00058442
69.45133209,0.00076473
69.47517395,0.00046007
69.49901581,0.00023839
69.52285767,0.00069166
69.54669952,0.00052226
69.57054138,0.00062062
69.59438324,0.00171634
69.61822510,0.00210906
69.64206696,0.00165168
69.66590881,0.00053142
69.68975067,0.00048783
69.71359253,0.00075239
69.73743439,0.00055733
69.76127625,0.00048635
69.78511810,0.00031308
69.80895996,0.00047751
69.83280182,0.00091226
69.85664368,0.00075028
69.88048553,0.00008650
69.90432739,0.00097848
69.92816925,0.00142091
69.95201111,0.00130269
69.97585297,0.00076477
69.99969482,0.00026735
70.02353668,0.00055107
70.04737854,0.00113471
70.07122040,0.00130358
70.09506226,0.00095896
70.11890411,0.00033215
70.14274597,0.00053677
70.16658783,0.00080158
70.19042969,0.00068665
70.21427155,0.00053481
70.23811340,0.00051362
70.26195526,0.00022780
70.28579712,0.00062106
70.30963898,0.00077320
70.33348083,0.00034176
70.35732269,0.00045908
70.38116455,0.00074487
70.40500641,0.00050917
70.42884827,0.00018813
70.45269012,0.00075664
70.47653198,0.00063377
70.50037384,0.00026706
70.52421570,0.00090386
70.54805756,0.00117938
70.57189941,0.00094496
70.59574127,0.00045360
70.61958313,0.00048488
70.64342499,0.00106741
70.66726685,0.00158767
70.69110870,0.00155151
70.71495056,0.00088483
70.73879242,0.00035983
70.76263428,0.00103589
70.78647614,0.00119006
70.81031799,0.00081662
70.83415985,0.00035652
70.85800171,0.00036121
70.88184357,0.00015373
70.90568542,0.00054043
70.92952728,0.00091850
70.95336914,0.00431885
70.97721100,0.00705149
71.00105286,0.00748047
71.02489471,0.00684725
71.04873657,0.00403339
71.07257843,0.00058997
71.09642029,0.00062237
71.12026215,0.00104157
71.14410400,0.00157843
71.16794586,0.00163108
71.19178772,0.00117010
71.21562958,0.00042834
71.23947144,0.00017368
71.26331329,0.00037569
71.28715515,0.00081868
71.31099701,0.00080448
71.33483887,0.00054980
71.35868073,0.00125298
71.38252258,0.00159395
71.40636444,0.00140121
71.43020630,0.00056240
71.45404816,0.00046741
71.47789001,0.00067559
71.50173187,0.00064157
71.52557373,0.00107297
71.54941559,0.00163340
71.57325745,0.00217489
71.59709930,0.00193754
71.62094116,0.00157240
71.64478302,0.00175760
71.66862488,0.00158852
71.69246674,0.00098807
71.71630859,0.00015537
71.74015045,0.00089802
71.76399231,0.00141880
71.78783417,0.00137779
71.81167603,0.00082302
71.83551788,0.00008230
71.85935974,0.00057146
71.88320160,0.00116148
71.90704346,0.00140050
71.93088531,0.00124829
71.95472717,0.00798353
71.97856903,0.01305236
72.00241089,0.01404419
72.02625275,0.01351318
72.05009460,0.00874136
72.07393646,0.00233274
72.09777832,0.00022576
72.12162018,0.00085839
72.14546204,0.00136327
72.16930389,0.00179212
72.19314575,0.00197374
72.21698761,0.00154322
72.24082947,0.00130516
72.26467133,0.00147948
72.28851318,0.00140914
72.31235504,0.00081835
72.33619690,0.00088353
72.36003876,0.00219082
72.38388062,0.00274834
72.40772247,0.00286840
72.43156433,0.00201657
72.45540619,0.00056958
72.47924805,0.00009878
72.50308990,0.00044854
72.52693176,0.00073996
72.55077362,0.00147433
72.57461548,0.00276949
72.59845734,0.00306274
72.62229919,0.00284900
72.64614105,0.00279451
72.66998291,0.00181749
72.69382477,0.00052685
72.71766663,0.00067258
72.74150848,0.00153316
72.76535034,0.00183295
72.78919220,0.00195192
72.81303406,0.00170202
72.83687592,0.00093493
72.86071777,0.00078637
72.88455963,0.00121717
72.90840149,0.00090610
72.93224335,0.00348012
72.95608521,0.01269469
72.97992706,0.01868741
73.00376892,0.01951546
73.02761078,0.01873109
73.05145264,0.01217573
73.07529449,0.00385786
73.09913635,0.00130528
73.12297821,0.00168407
73.14682007,0.00189618
73.17066193,0.00213033
73.19450378,0.00236640
73.21834564,0.00198800
73.24218750,0.00178690
73.26602936,0.00195853
73.28987122,0.00160464
73.31371307,0.00087440
73.33755493,0.00181805
73.36139679,0.00324397
73.38523865,0.00374630
73.40908051,0.00383368
73.43292236,0.00276129
73.45676422,0.00100974
73.48060608,0.00059766
73.50444794,0.00109575
73.52828979,0.00148134
73.55213165,0.00268131
73.57597351,0.00451830
73.59981537,0.00489018
73.62365723,0.00455112
73.64749908,0.00424223
73.67134094,0.00274356
73.69518280,0.00094177
73.71902466,0.00060111
73.74286652,0.00150460
73.76670837,0.00190551
73.79055023,0.00239890
73.81439209,0.00231840
73.83823395,0.00152020
73.86207581,0.00132032
73.88591766,0.00141119
73.90975952,0.00085667
73.93360138,0.00513890
73.95744324,0.01567776
73.98128510,0.02208100
74.00512695,0.02284883
74.02896881,0.02165938
74.05281067,0.01355615
74.07665253,0.00389342
74.10049438,0.00095238
74.12433624,0.00127216
74.14817810,0.00144878
74.17201996,0.00195769
74.19586182,0.00248491
74.21970367,0.00210062
74.24354553,0.00181517
74.26738739,0.00176682
74.29122925,0.00106441
74.31507111,0.00068682
74.33891296,0.00238559
74.36275482,0.00364757
74.38659668,0.00402711
74.41043854,0.00417027
74.43428040,0.00316298
74.45812225,0.00172856
74.48196411,0.00145180
74.50580597,0.00162564
74.52964783,0.00172480
74.55348969,0.00288104
74.57733154,0.00497236
74.60117340,0.00553949
74.62501526,0.00523489
74.64885712,0.00460564
74.67269897,0.00236835
74.69654083,0.00010460
74.72038269,0.00118216
74.74422455,0.00189567
74.76806641,0.00214141
74.79190826,0.00253240
74.81575012,0.00245993
74.83959198,0.00164780
74.86343384,0.00131273
74.88727570,0.00124162
74.91111755,0.00027469
74.93495941,0.00573126
74.95880127,0.01662691
74.98264313,0.02252568
75.00648499,0.02317467
75.03032684,0.02197872
75.05416870,0.01335657
75.07801056,0.00373756
75.10185242,0.00103502
75.12569427,0.00107219
75.14953613,0.00110791
75.17337799,0.00180647
75.19721985,0.00260462
75.22106171,0.00249256
75.24490356,0.00234265
75.26874542,0.00208419
75.29258728,0.00109905
75.31642914,0.00061295
75.34027100,0.00231048
75.36411285,0.00345935
75.38795471,0.00384097
75.41179657,0.00421645
75.43563843,0.00349126
75.45948029,0.00209775
75.48332214,0.00164831
75.50716400,0.00149297
75.53100586,0.00122921
75.55484772,0.00258436
75.57868958,0.00527483
75.60253143,0.00617963
75.62637329,0.00595766
75.65021515,0.00513301
75.67405701,0.00273824
75.69789886,0.00095115
75.72174072,0.00145265
75.74558258,0.00175388
75.76942444,0.00172716
75.79326630,0.00206718
75.81710815,0.00208752
75.84095001,0.00149996
75.86479187,0.00122884
75.88863373,0.00090129
75.91247559,0.00057742
75.93631744,0.00663583
75.96015930,0.01692624
75.98400116,0.02200162
76.00784302,0.02241674
76.03168488,0.02101967
76.05552673,0.01266827
76.07936859,0.00382041
76.10321045,0.00126494
76.12705231,0.00103132
76.15089417,0.00099349
76.17473602,0.00185229
76.19857788,0.00277947
76.22241974,0.00275388
76.24626160,0.00248707
76.27010345,0.00182979
76.29394531,0.00065223
76.31778717,0.00087097
76.34162903,0.00213468
76.36547089,0.00284401
76.38931274,0.00293814
76.41315460,0.00331604
76.43699646,0.00291490
76.46083832,0.00192527
76.48468018,0.00159006
76.50852203,0.00128635
76.53236389,0.00090125
76.55620575,0.00196267
76.58004761,0.00428328
76.60388947,0.00512787
76.62773132,0.00493209
76.65157318,0.00385386
76.67541504,0.00124044
76.69925690,0.00099331
76.72309875,0.00172207
76.74694061,0.00152622
76.77078247,0.00113665
76.79462433,0.00160321
76.81846619,0.00202628
76.84230804,0.00175490
76.86614990,0.00157124
76.88999176,0.00104462
76.91383362,0.00071274
76.93767548,0.00602152
76.96151733,0.01439476
76.98535919,0.01803911
77.00920105,0.01830208
77.03304291,0.01715180
77.05688477,0.01011884
77.08072662,0.00318935
77.10456848,0.00139619
77.12841034,0.00097921
77.15225220,0.00074782
77.17609406,0.00137255
77.19993591,0.00223917
77.22377777,0.00236247
77.24761963,0.00210018
77.27146149,0.00134951
77.29530334,0.00010187
77.31914520,0.00107146
77.34298706,0.00196645
77.36682892,0.00219006
77.39067078,0.00217372
77.41451263,0.00252738
77.43835449,0.00228100
77.46219635,0.00160469
77.48603821,0.00135111
77.50988007,0.00103442
77.53372192,0.00087446
77.55756378,0.00224783
77.58140564,0.00431020
77.60524750,0.00494302
77.62908936,0.00458408
77.65293121,0.00329969
77.67677307,0.00088984
77.70061493,0.00091358
77.72445679,0.00124297
77.74829865,0.00086182
77.77214050,0.00055971
77.79598236,0.00110429
77.81982422,0.00170620
77.84366608,0.00170413
77.86750793,0.00149091
77.89134979,0.00089756
77.91519165,0.00075896
77.93903351,0.00484808
77.96287537,0.01072576
77.98671722,0.01290757
78.01055908,0.01311695
78.03440094,0.01232701
78.05824280,0.00714573
78.08208466,0.00229439
78.10592651,0.00109533
78.12976837,0.00064880
78.15361023,0.00033859
78.17745209,0.00110169
78.20129395,0.00213098
78.22513580,0.00230367
78.24897766,0.00202851
78.27281952,0.00122957
78.29666138,0.00009384
78.32050323,0.00090786
78.34434509,0.00132496
78.36818695,0.00117414
78.39202881,0.00092300
78.41587067,0.00114247
78.43971252,0.00111487
78.46355438,0.00081212
78.48739624,0.00063212
78.51123810,0.00032314
78.53507996,0.00050625
78.55892181,0.00126022
78.58276367,0.00266795
78.60660553,0.00329403
78.63044739,0.00327627
78.65428925,0.00234340
78.67813110,0.00066759
78.70197296,0.00061705
78.72581482,0.00066040
78.74965668,0.00024964
78.77349854,0.00005332
78.79734039,0.00067705
78.82118225,0.00138239
78.84502411,0.00159007
78.86886597,0.00139228
78.89270782,0.00076657
78.91654968,0.00102960
78.94039154,0.00342181
78.96423340,0.00631537
78.98807526,0.00707323
79.01191711,0.00709864
79.03575897,0.00674543
79.05960083,0.00417027
79.08344269,0.00177569
79.10728455,0.00098662
79.13112640,0.00050719
79.15496826,0.00017173
79.17881012,0.00058404
79.20265198,0.00140185
79.22649384,0.00173037
79.25033569,0.00153161
79.27417755,0.00090370
79.29801941,0.00071573
79.32186127,0.00091127
79.34570313,0.00077476
79.36954498,0.00043844
79.39338684,0.00033533
79.41722870,0.00072603
79.44107056,0.00123680
79.46491241,0.00135632
79.48875427,0.00098696
79.51259613,0.00028836
79.53643799,0.00027743
79.56027985,0.00053412
79.58412170,0.00146691
79.60796356,0.00205099
79.63180542,0.00198214
79.65564728,0.00128321
79.67948914,0.00030425
79.70333099,0.00042547
79.72717285,0.00040396
79.75101471,0.00063864
79.77485657,0.00060875
79.79869843,0.00026342
79.82254028,0.00057842
79.84638214,0.00081646
79.87022400,0.00074684
79.89406586,0.00084876
79.91790771,0.00118129
79.94174957,0.00114431
79.96559143,0.00074915
79.98943329,0.00025247
80.01327515,0.00028580
80.03711700,0.00070392
80.06095886,0.00085001
80.08480072,0.00078335
80.10864258,0.00045275
80.13248444,0.00046415
80.15632629,0.00062427
80.18016815,0.00021516
80.20401001,0.00044497
80.22785187,0.00094234
80.25169373,0.00100331
80.27553558,0.00054994
80.29937744,0.00039615
80.32321930,0.00046604
80.34706116,0.00033886
80.37090302,0.00080799
80.39474487,0.00088265
80.41858673,0.00045717
80.44242859,0.00021741
80.46627045,0.00057026
80.49011230,0.00061247
80.51395416,0.00093209
80.53779602,0.00124702
80.56163788,0.00122934
80.58547974,0.00079903
80.60932159,0.00036936
80.63316345,0.00043173
80.65700531,0.00076833
80.68084717,0.00091343
80.70468903,0.00067816
80.72853088,0.00003529
80.75237274,0.00059786
80.77621460,0.00081423
80.80005646,0.00059027
80.82389832,0.00029400
80.84774017,0.00061558
80.87158203,0.00065980
80.89542389,0.00085727
80.91926575,0.00060085
80.94310760,0.00177625
80.96694946,0.00493279
80.99079132,0.00614944
81.01463318,0.00606773
81.03847504,0.00457505
81.06231689,0.00127990
81.08615875,0.00072534
81.11000061,0.00075509
81.13384247,0.00095135
81.15768433,0.00118281
81.18152618,0.00111385
81.20536804,0.00059324
81.22920990,0.00018238
81.25305176,0.00052227
81.27689362,0.00097624
81.30073547,0.00095447
81.32457733,0.00015049
81.34841919,0.00118556
81.37226105,0.00203344
81.39610291,0.00219042
81.41994476,0.00168591
81.44378662,0.00055075
81.46762848,0.00035707
81.49147034,0.00072812
81.51531219,0.00115683
81.53915405,0.00153550
81.56299591,0.00203129
81.58683777,0.00226394
81.61067963,0.00195415
81.63452148,0.00199839
81.65836334,0.00207433
81.68220520,0.00150607
81.70604706,0.00081513
81.72988892,0.00089568
81.75373077,0.00151016
81.77757263,0.00180202
81.80141449,0.00165612
81.82525635,0.00088097
81.84909821,0.00030825
81.87294006,0.00040316
81.89678192,0.00082050
81.92062378,0.00025814
81.94446564,0.00469243
81.96830750,0.01045121
81.99214935,0.01250624
82.01599121,0.01254795
82.03983307,0.01008298
82.06367493,0.00413295
82.08751678,0.00042073
82.11135864,0.00085083
82.13520050,0.00141144
82.15904236,0.00176037
82.18288422,0.00205816
82.20672607,0.00175379
82.23056793,0.00119605
82.25440979,0.00117588
82.27825165,0.00124246
82.30209351,0.00087636
82.32593536,0.00061865
82.34977722,0.00197662
82.37361908,0.00281913
82.39746094,0.00297708
82.42130280,0.00243989
82.44514465,0.00111089
82.46898651,0.00035872
82.49282837,0.00062027
82.51667023,0.00093676
82.54051208,0.00141435
82.56435394,0.00271851
82.58819580,0.00363594
82.61203766,0.00351462
82.63587952,0.00363979
82.65972137,0.00310564
82.68356323,0.00145991
82.70740509,0.00010212
82.73124695,0.00108467
82.75508881,0.00182245
82.77893066,0.00206743
82.80277252,0.00203073
82.82661438,0.00136216
82.85045624,0.00084313
82.87429810,0.00116569
82.89813995,0.00128524
82.92198181,0.00072016
82.94582367,0.00727199
82.96966553,0.01472286
82.99350739,0.01684199
83.01734924,0.01681551
83.04119110,0.01352807
83.06503296,0.00582720
83.08887482,0.00133390
83.11271667,0.00115947
83.13655853,0.00142928
83.16040039,0.00145344
83.18424225,0.00168585
83.20808411,0.00146502
83.23192596,0.00112135
83.25576782,0.00142597
83.27960968,0.00154169
83.30345154,0.00114496
83.32729340,0.00125132
83.35113525,0.00268562
83.37497711,0.00349027
83.39881897,0.00376664
83.42266083,0.00336970
83.44650269,0.00184486
83.47034454,0.00096963
83.49418640,0.00115224
83.51802826,0.00131205
83.54187012,0.00187752
83.56571198,0.00365809
83.58955383,0.00493712
83.61339569,0.00481239
83.63723755,0.00460764
83.66107941,0.00344770
83.68492126,0.00128442
83.70876312,0.00033710
83.73260498,0.00142758
83.75644684,0.00199685
83.78028870,0.00227892
83.80413055,0.00239071
83.82797241,0.00172538
83.85181427,0.00102293
83.87565613,0.00110095
83.89949799,0.00093547
83.92333984,0.00176457
83.94718170,0.00979354
83.97102356,0.01818180
83.99486542,0.02041458
84.01870728,0.02038391
84.04254913,0.01609713
84.06639099,0.00669223
84.09023285,0.00149302
84.11407471,0.00139240
84.13791656,0.00177456
84.16175842,0.00224263
84.18560028,0.00303282
84.20944214,0.00308236
84.23328400,0.00247789
84.25712585,0.00212184
84.28096771,0.00145956
84.30480957,0.00039655
84.32865143,0.00110136
84.35249329,0.00261601
84.37633514,0.00311945
84.40017700,0.00331304
84.42401886,0.00299390
84.44786072,0.00146954
84.47170258,0.00053342
84.49554443,0.00074144
84.51938629,0.00087731
84.54322815,0.00141726
84.56707001,0.00363508
84.59091187,0.00524541
84.61475372,0.00514279
84.63859558,0.00496087
84.66243744,0.00364679
84.68627930,0.00135813
84.71012115,0.00064924
84.73396301,0.00150776
84.75780487,0.00183504
84.78164673,0.00211215
84.80548859,0.00240389
84.82933044,0.00176474
84.85317230,0.00107841
84.87701416,0.00095799
84.90085602,0.00044458
84.92469788,0.00241938
84.94853973,0.01076559
84.97238159,0.01888444
84.99622345,0.02066962
85.02006531,0.02071385
85.04390717,0.01633692
85.06774902,0.00686311
85.09159088,0.00173094
85.11543274,0.00136533
85.13927460,0.00148655
85.16311646,0.00178888
85.18695831,0.00259318
85.21080017,0.00267002
85.23464203,0.00216091
85.25848389,0.00186775
85.28232574,0.00106910
85.30616760,0.00049194
85.33000946,0.00190327
85.35385132,0.00342297
85.37769318,0.00381537
85.40153503,0.00394151
85.42537689,0.00369096
85.44921875,0.00228187
85.47306061,0.00142213
85.49690247,0.00147327
85.52074432,0.00129153
85.54458618,0.00178857
85.56842804,0.00405903
85.59226990,0.00576343
85.61611176,0.00575654
85.63995361,0.00540914
85.66379547,0.00358632
85.68763733,0.00071830
85.71147919,0.00104634
85.73532104,0.00177187
85.75916290,0.00183324
85.78300476,0.00203278
85.80684662,0.00241621
85.83068848,0.00208479
85.85453033,0.00166396
85.87837219,0.00151456
85.90221405,0.00083634
85.92605591,0.00220610
85.94989777,0.01037059
85.97373962,0.01757266
85.99758148,0.01902132
86.02142334,0.01920258
86.04526520,0.01483849
86.06910706,0.00602485
86.09294891,0.00165227
86.11679077,0.00127615
86.14063263,0.00119248
86.16447449,0.00160208
86.18831635,0.00262719
86.21215820,0.00293383
86.23600006,0.00252183
86.25984192,0.00200521
86.28368378,0.00097214
86.30752563,0.00039857
86.33136749,0.00174060
86.35520935,0.00274332
86.37905121,0.00287268
86.40289307,0.00319826
86.42673492,0.00318124
86.45057678,0.00212985
86.47441864,0.00152922
86.49826050,0.00140001
86.52210236,0.00104448
86.54594421,0.00148160
86.56978607,0.00372834
86.59362793,0.00532080
86.61746979,0.00537879
86.64131165,0.00496937
86.66515350,0.00303595
86.68899536,0.00042248
86.71283722,0.00101154
86.73667908,0.00144551
86.76052094,0.00140437
86.78436279,0.00175168
86.80820465,0.00236962
86.83204651,0.00230779
86.85588837,0.00186410
86.87973022,0.00131038
86.90357208,0.00030156
86.92741394,0.00298039
86.95125580,0.01019266
86.97509766,0.01596360
86.99893951,0.01686890
87.02278137,0.01678536
87.04662323,0.01266687
87.07046509,0.00510406
87.09430695,0.00135836
87.11814880,0.00076286
87.14199066,0.00063243
87.16583252,0.00118686
87.18967438,0.00230630
87.21351624,0.00293262
87.23735809,0.00288667
87.26119995,0.00247134
87.28504181,0.00124588
87.30888367,0.00022358
87.33272552,0.00157132
87.35656738,0.00245338
87.38040924,0.00254631
87.40425110,0.00275415
87.42809296,0.00274099
87.45193481,0.00184386
87.47577667,0.00110418
87.49961853,0.00070617
87.52346039,0.00035693
87.54730225,0.00099511
87.57114410,0.00298793
87.59498596,0.00440055
87.61882782,0.00441923
87.64266968,0.00378757
87.66651154,0.00185045
87.69035339,0.00055077
87.71419525,0.00130854
87.73803711,0.00120336
87.76187897,0.00078075
87.78572083,0.00104837
87.80956268,0.00179588
87.83340454,0.00189916
87.85724640,0.00164051
87.88108826,0.00124994
87.90493011,0.00062404
87.92877197,0.00265670
87.95261383,0.00792634
87.97645569,0.01172102
88.00029755,0.01206876
88.02413940,0.01201551
88.04798126,0.00898526
88.07182312,0.00359762
88.09566498,0.00103020
88.11950684,0.00041379
88.14334869,0.00016768
88.16719055,0.00068839
88.19103241,0.00164488
88.21487427,0.00202426
88.23871613,0.00179881
88.26255798,0.00122323
88.28639984,0.00026721
88.31024170,0.00089346
88.33408356,0.00132390
88.35792542,0.00129338
88.38176727,0.00093327
88.40560913,0.00109037
88.42945099,0.00141321
88.45329285,0.00122822
88.47713470,0.00096505
88.50097656,0.00059773
88.52481842,0.00026658
88.54866028,0.00063154
88.57250214,0.00204932
88.59634399,0.00319623
88.62018585,0.00332791
88.64402771,0.00277171
88.66786957,0.00132520
88.69171143,0.00085833
88.71555328,0.00108038
88.73939514,0.00068973
88.76323700,0.00027784
88.78707886,0.00069525
88.81092072,0.00137236
88.83476257,0.00167792
88.85860443,0.00160056
88.88244629,0.00117475
88.90628815,0.00049921
88.93013000,0.00151085
88.95397186,0.00415859
88.97781372,0.00568334
89.00165558,0.00561161
89.02549744,0.00583199
89.04933929,0.00456720
89.07318115,0.00203399
89.09702301,0.00090250
89.12086487,0.00051624
89.14470673,0.00038082
89.16854858,0.00016465
89.19239044,0.00087247
89.21623230,0.00144281
89.24007416,0.00140105
89.26391602,0.00098605
89.28775787,0.00057674
89.31159973,0.00105754
89.33544159,0.00118918
89.35928345,0.00085944
89.38312531,0.00053238
89.40696716,0.00066440
89.43080902,0.00103831
89.45465088,0.00106949
89.47849274,0.00086358
89.50233459,0.00061103
89.52617645,0.00061097
89.55001831,0.00038484
89.57386017,0.00055194
89.59770203,0.00140195
89.62154388,0.00158166
89.64538574,0.00117375
89.66922760,0.00033457
89.69306946,0.00069837
89.71691132,0.00068216
89.74075317,0.00043396
89.76459503,0.00067897
89.78843689,0.00051905
89.81227875,0.00028215
89.83612061,0.00071133
89.85996246,0.00070690
89.88380432,0.00052640
89.90764618,0.00070373
89.93148804,0.00081326
89.95532990,0.00059045
89.97917175,0.00029333
90.00301361,0.00034165
90.02685547,0.00016519
90.05069733,0.00046648
90.07453918,0.00053067
90.09838104,0.00043496
90.12222290,0.00085454
90.14606476,0.00122844
90.16990662,0.00107740
90.19374847,0.00035354
90.21759033,0.00057299
90.24143219,0.00083213
90.26527405,0.00051186
90.28911591,0.00011052
90.31295776,0.00028719
90.33679962,0.00037935
90.36064148,0.00100382
90.38448334,0.00127038
90.40832520,0.00092395
90.43216705,0.00027663
90.45600891,0.00062279
90.47985077,0.00052032
90.50369263,0.00037277
90.52753448,0.00081133
90.55137634,0.00095664
90.57521820,0.00070776
90.59906006,0.00032930
90.62290192,0.00020945
90.64674377,0.00047167
90.67058563,0.00090746
90.69442749,0.00090228
90.71826935,0.00045405
90.74211121,0.00067813
90.76595306,0.00107756
90.78979492,0.00094203
90.81363678,0.00035970
90.83747864,0.00021401
90.86132050,0.00022715
90.88516235,0.00053345
90.90900421,0.00089862
90.93284607,0.00065453
90.95668793,0.00328466
90.98052979,0.00544788
91.00437164,0.00589185
91.02821350,0.00536371
91.05205536,0.00293735
91.07589722,0.00044924
91.09973907,0.00056968
91.12358093,0.00083707
91.14742279,0.00140838
91.17126465,0.00173733
91.19510651,0.00156619
91.21894836,0.00092675
91.24279022,0.00063843
91.26663208,0.00096468
91.29047394,0.00121290
91.31431580,0.00095427
91.33815765,0.00082800
91.36199951,0.00160726
91.38584137,0.00198259
91.40968323,0.00183978
91.43352509,0.00092165
91.45736694,0.00040288
91.48120880,0.00064468
91.50505066,0.00096404
91.52889252,0.00130141
91.55273438,0.00182820
91.57657623,0.00251845
91.60041809,0.00239000
91.62425995,0.00209494
91.64810181,0.00212400
91.67194366,0.00156156
91.69578552,0.00064159
91.71962738,0.00031403
91.74346924,0.00128073
91.76731110,0.00166723
91.79115295,0.00152714
91.81499481,0.00095063
91.83883667,0.00031353
91.86267853,0.00062968
91.88652039,0.00112381
91.91036224,0.00102302
91.93420410,0.00168966
91.95804596,0.00724594
91.98188782,0.01078023
92.00572968,0.01127995
92.02957153,0.01041046
92.05341339,0.00604922
92.07725525,0.00129611
92.10109711,0.00005753
92.12493896,0.00098280
92.14878082,0.00165642
92.17262268,0.00214471
92.19646454,0.00221780
92.22030640,0.00161150
92.24414825,0.00130301
92.26799011,0.00147826
92.29183197,0.00139303
92.31567383,0.00065836
92.33951569,0.00079997
92.36335754,0.00206403
92.38719940,0.00258708
92.41104126,0.00253311
92.43488312,0.00147851
92.45872498,0.00020703
92.48256683,0.00063374
92.50640869,0.00088953
92.53025055,0.00113324
92.55409241,0.00204882
92.57793427,0.00332922
92.60177612,0.00348061
92.62561798,0.00336282
92.64945984,0.00334129
92.67330170,0.00204577
92.69714355,0.00030627
92.72098541,0.00102704
92.74482727,0.00198069
92.76866913,0.00225503
92.79251099,0.00228909
92.81635284,0.00180967
92.84019470,0.00088204
92.86403656,0.00073781
92.88787842,0.00105406
92.91172028,0.00059935
92.93556213,0.00335512
92.95940399,0.01054693
92.98324585,0.01464937
93.00708771,0.01517697
93.03092957,0.01408457
93.05477142,0.00818258
93.07861328,0.00185280
93.10245514,0.00035625
93.12629700,0.00071118
93.15013885,0.00092975
93.17398071,0.00143845
93.19782257,0.00171512
93.22166443,0.00124484
93.24550629,0.00112039
93.26934814,0.00129994
93.29319000,0.00097547
93.31703186,0.00022312
93.34087372,0.00178345
93.36471558,0.00299738
93.38855743,0.00334885
93.41239929,0.00337088
93.43624115,0.00227404
93.46008301,0.00090525
93.48392487,0.00082724
93.50776672,0.00123612
93.53160858,0.00142814
93.55545044,0.00258133
93.57929230,0.00445526
93.60313416,0.00481609
93.62697601,0.00456450
93.65081787,0.00411714
93.67465973,0.00224220
93.69850159,0.00051030
93.72234344,0.00129803
93.74618530,0.00204458
93.77002716,0.00230617
93.79386902,0.00255273
93.81771088,0.00228221
93.84155273,0.00149203
93.86539459,0.00130849
93.88923645,0.00148620
93.91307831,0.00087885
93.93692017,0.00425348
93.96076202,0.01253124
93.98460388,0.01687015
94.00844574,0.01737580
94.03228760,0.01615559
94.05612946,0.00934618
94.07997131,0.00241654
94.10381317,0.00077385
94.12765503,0.00115680
94.15149689,0.00152371
94.17533875,0.00232485
94.19918060,0.00297753
94.22302246,0.00274381
94.24686432,0.00256012
94.27070618,0.00229274
94.29454803,0.00127197
94.31838989,0.00040886
94.34223175,0.00217225
94.36607361,0.00325127
94.38991547,0.00338663
94.41375732,0.00331543
94.43759918,0.00221336
94.46144104,0.00081020
94.48528290,0.00070623
94.50912476,0.00114502
94.53296661,0.00155622
94.55680847,0.00329409
94.58065033,0.00562293
94.60449219,0.00607633
94.62833405,0.00578658
94.65217590,0.00499374
94.67601776,0.00256604
94.69985962,0.00031374
94.72370148,0.00114143
94.74754333,0.00185760
94.77138519,0.00219104
94.79522705,0.00267921
94.81906891,0.00249131
94.84291077,0.00166621
94.86675262,0.00148243
94.89059448,0.00136352
94.91443634,0.00011037
94.93827820,0.00527728
94.96212006,0.01388772
94.98596191,0.01782269
95.00980377,0.01817488
95.03364563,0.01671509
95.05748749,0.00939306
95.08132935,0.00250439
95.10517120,0.00119861
95.12901306,0.00152053
95.15285492,0.00170544
95.17669678,0.00246589
95.20053864,0.00307509
95.22438049,0.00269959
95.24822235,0.00245949
95.27206421,0.00204722
95.29590607,0.00089559
95.31974792,0.00047871
95.34358978,0.00210844
95.36743164,0.00310481
95.39127350,0.00340401
95.41511536,0.00357824
95.43895721,0.00259896
95.46279907,0.00116225
95.48664093,0.00080042
95.51048279,0.00078833
95.53432465,0.00089958
95.55816650,0.00275351
95.58200836,0.00538749
95.60585022,0.00616857
95.62969208,0.00613394
95.65353394,0.00515742
95.67737579,0.00238419
95.70121765,0.00053803
95.72505951,0.00125179
95.74890137,0.00153272
95.77274323,0.00160133
95.79658508,0.00213141
95.82042694,0.00224785
95.84426880,0.00166955
95.86811066,0.00129382
95.89195251,0.00073543
95.91579437,0.00092084
95.93963623,0.00646340
95.96347809,0.01454404
95.98731995,0.01787379
96.01116180,0.01811330
96.03500366,0.01645537
96.05884552,0.00913811
96.08268738,0.00260160
96.10652924,0.00120415
96.13037109,0.00089172
96.15421295,0.00078393
96.17805481,0.00168982
96.20189667,0.00268890
96.22573853,0.00282148
96.24958038,0.00266667
96.27342224,0.00189084
96.29726410,0.00048502
96.32110596,0.00127605
96.34494781,0.00266362
96.36878967,0.00320704
96.39263153,0.00336899
96.41647339,0.00371351
96.44031525,0.00313147
96.46415710,0.00221806
96.48799896,0.00198571
96.51184082,0.00160035
96.53568268,0.00130981
96.55952454,0.00295148
96.58336639,0.00523598
96.60720825,0.00567367
96.63105011,0.00529660
96.65489197,0.00399978
96.67873383,0.00129234
96.70257568,0.00112508
96.72641754,0.00173553
96.75025940,0.00156586
96.77410126,0.00138455
96.79794312,0.00182268
96.82178497,0.00193582
96.84562683,0.00148523
96.86946869,0.00116740
96.89331055,0.00062611
96.91715240,0.00097663
96.94099426,0.00594602
96.96483612,0.01260705
96.98867798,0.01507953
97.01251984,0.01548244
97.03636169,0.01425221
97.06020355,0.00819839
97.08404541,0.00296875
97.10788727,0.00168536
97.13172913,0.00121817
97.15557098,0.00097406
97.17941284,0.00183788
97.20325470,0.00279983
97.22709656,0.00277379
97.25093842,0.00232930
97.27478027,0.00145125
97.29862213,0.00044076
97.32246399,0.00137984
97.34630585,0.00224186
97.37014771,0.00241533
97.39398956,0.00254441
97.41783142,0.00291955
97.44167328,0.00245735
97.46551514,0.00164001
97.48935699,0.00118059
97.51319885,0.00059999
97.53704071,0.00013644
97.56088257,0.00178301
97.58472443,0.00402022
97.60856628,0.00481698
97.63240814,0.00477575
97.65625000,0.00356060
97.68009186,0.00123495
97.70393372,0.00062113
97.72777557,0.00093125
97.75161743,0.00078616
97.77545929,0.00087848
97.79930115,0.00167338
97.82314301,0.00217039
97.84698486,0.00191451
97.87082672,0.00145876
97.89466858,0.00070653
97.91851044,0.00065518
97.94235229,0.00417657
97.96619415,0.00861923
97.99003601,0.00999647
98.01387787,0.01021353
98.03771973,0.00941670
98.06156158,0.00523127
98.08540344,0.00168239
98.10924530,0.00076334
98.13308716,0.00028821
98.15692902,0.00021347
98.18077087,0.00095002
98.20461273,0.00182169
98.22845459,0.00202081
98.25229645,0.00182441
98.27613831,0.00108793
98.29998016,0.00048873
98.32382202,0.00118030
98.34766388,0.00161628
98.37150574,0.00149259
98.39534760,0.00142612
98.41918945,0.00181316
98.44303131,0.00173628
98.46687317,0.00121690
98.49071503,0.00069776
98.51455688,0.00018547
98.53839874,0.00045027
98.56224060,0.00155062
98.58608246,0.00340025
98.60992432,0.00408075
98.63376617,0.00378945
98.65760803,0.00243422
98.68144989,0.00042630
98.70529175,0.00074727
98.72913361,0.00075504
98.75297546,0.00038349
98.77681732,0.00040313
98.80065918,0.00103233
98.82450104,0.00145935
98.84834290,0.00140271
98.87218475,0.00099951
98.89602661,0.00045792
98.91986847,0.00124266
98.94371033,0.00323153
98.96755219,0.00532319
98.99139404,0.00570958
99.01523590,0.00587570
99.03907776,0.00550887
99.06291962,0.00328093
99.08676147,0.00147376
99.11060333,0.00078119
99.13444519,0.00012440
99.15828705,0.00026690
99.18212891,0.00050403
99.20597076,0.00113687
99.22981262,0.00131627
99.25365448,0.00109464
99.27749634,0.00051885
99.30133820,0.00058568
99.32518005,0.00082866
99.34902191,0.00072126
99.37286377,0.00051348
99.39670563,0.00063002
99.42054749,0.00116027
99.44438934,0.00150449
99.46823120,0.00142742
99.49207306,0.00113726
99.51591492,0.00082302
99.53975677,0.00075682
99.56359863,0.00017207
99.58744049,0.00093664
99.61128235,0.00146839
99.63512421,0.00136573
99.65896606,0.00063114
99.68280792,0.00061641
99.70664978,0.00090160
99.73049164,0.00063537
99.75433350,0.00062284
99.77817535,0.00065335
99.80201721,0.00014056
99.82585907,0.00060819
99.84970093,0.00088408
99.87354279,0.00071398
99.89738464,0.00082008
99.92122650,0.00111468
99.94506836,0.00109874
99.96891022,0.00075520
99.99275208,0.00032215
100.01659393,0.00044939
100.04043579,0.00089240
100.06427765,0.00113439
100.08811951,0.00098029
100.11196136,0.00058823
100.13580322,0.00079781
100.15964508,0.00101542
100.18348694,0.00062791
100.20732880,0.00044562
100.23117065,0.00087729
100.25501251,0.00081803
100.27885437,0.00032082
100.30269623,0.00025157
100.32653809,0.00012058
100.35037994,0.00059551
100.37422180,0.00115123
100.39806366,0.00122599
100.42190552,0.00086493
100.44574738,0.00051762
100.46958923,0.00050732
100.49343109,0.00027718
100.51727295,0.00079783
100.54111481,0.00122447
100.56495667,0.00137059
100.58879852,0.00111969
100.61264038,0.00083071
100.63648224,0.00090660
100.66032410,0.00114179
100.68416595,0.00117667
100.70800781,0.00075199
100.73184967,0.00012871
100.75569153,0.00070592
100.77953339,0.00079121
100.80337524,0.00037228
100.82721710,0.00044696
100.85105896,0.00070396
100.87490082,0.00050734
100.89874268,0.00067348
100.92258453,0.00069083
100.94642639,0.00171124
100.97026825,0.00421583
100.99411011,0.00514006
101.01795197,0.00497320
101.04179382,0.00351640
101.06563568,0.00104155
101.08947754,0.00043276
101.11331940,0.00030378
101.13716125,0.00098523
101.16100311,0.00131376
101.18484497,0.00120748
101.20868683,0.00067914
101.23252869,0.00051227
101.25637054,0.00081975
101.28021240,0.00106032
101.30405426,0.00087211
101.32789612,0.00025849
101.35173798,0.00152548
101.37557983,0.00225250
101.39942169,0.00221205
101.42326355,0.00151279
101.44710541,0.00037723
101.47094727,0.00024570
101.49478912,0.00038992
101.51863098,0.00092168
101.54247284,0.00136247
101.56631470,0.00197291
101.59015656,0.00213848
101.61399841,0.00174078
101.63784027,0.00173034
101.66168213,0.00160376
101.68552399,0.00082232
101.70936584,0.00017641
101.73320770,0.00113257
101.75704956,0.00172775
101.78089142,0.00186332
101.80473328,0.00151176
101.82857513,0.00073984
101.85241699,0.00040271
101.87625885,0.00033607
101.90010071,0.00067531
101.92394257,0.00108855
101.94778442,0.00482971
101.97162628,0.00912760
101.99546814,0.01037160
102.01931000,0.01026836
102.04315186,0.00784766
102.06699371,0.00298419
102.09083557,0.00041682
102.11467743,0.00074770
102.13851929,0.00134411
102.16236115,0.00173038
102.18620300,0.00206318
102.21004486,0.00178081
102.23388672,0.00136731
102.25772858,0.00149434
102.28157043,0.00140247
102.30541229,0.00077824
102.32925415,0.00122548
102.35309601,0.00271195
102.37693787,0.00334114
102.40077972,0.00334878
102.42462158,0.00259673
102.44846344,0.00106548
102.47230530,0.00026070
102.49614716,0.00060943
102.51998901,0.00098875
102.54383087,0.00144668
102.56767273,0.00271367
102.59151459,0.00351188
102.61535645,0.00338577
102.63919830,0.00351726
102.66304016,0.00288607
102.68688202,0.00121592
102.71072388,0.00029799
102.73456573,0.00144858
102.75840759,0.00213500
102.78224945,0.00239788
102.80609131,0.00224495
102.82993317,0.00128737
102.85377502,0.00047417
102.87761688,0.00053818
102.90145874,0.00058875
102.92530060,0.00110976
102.94914246,0.00667666
102.97298431,0.01223380
102.99682617,0.01366023
103.02066803,0.01370824
103.04450989,0.01050118
103.06835175,0.00400142
103.09219360,0.00071605
103.11603546,0.00079206
103.13987732,0.00111839
103.16371918,0.00146109
103.18756104,0.00191604
103.21140289,0.00176792
103.23524475,0.00139427
103.25908661,0.00150819
103.28292847,0.00138919
103.30677032,0.00060656
103.33061218,0.00104038
103.35445404,0.00276763
103.37829590,0.00352152
103.40213776,0.00383566
103.42597961,0.00330338
103.44982147,0.00167247
103.47366333,0.00082278
103.49750519,0.00120381
103.52134705,0.00161375
103.54518890,0.00236440
103.56903076,0.00432473
103.59287262,0.00541548
103.61671448,0.00511630
103.64055634,0.00507089
103.66439819,0.00387798
103.68824005,0.00163365
103.71208191,0.00049981
103.73592377,0.00109836
103.75976563,0.00150405
103.78360748,0.00180024
103.80744934,0.00195607
103.83129120,0.00129139
103.85513306,0.00074735
103.87897491,0.00096478
103.90281677,0.00086010
103.92665863,0.00154942
103.95050049,0.00823508
103.97434235,0.01434140
103.99818420,0.01576028
104.02202606,0.01568110
104.04586792,0.01159202
104.06970978,0.00406898
104.09355164,0.00055003
104.11739349,0.00081488
104.14123535,0.00132418
104.16507721,0.00198084
104.18891907,0.00276433
104.21276093,0.00265763
104.23660278,0.00214190
104.26044464,0.00199870
104.28428650,0.00143450
104.30812836,0.00035270
104.33197021,0.00119248
104.35581207,0.00268427
104.37965393,0.00325487
104.40349579,0.00355034
104.42733765,0.00325028
104.45117950,0.00191206
104.47502136,0.00118903
104.49886322,0.00136549
104.52270508,0.00138776
104.54654694,0.00229285
104.57038879,0.00484328
104.59423065,0.00622333
104.61807251,0.00588227
104.64191437,0.00548790
104.66575623,0.00357449
104.68959808,0.00079598
104.71343994,0.00089533
104.73728180,0.00180437
104.76112366,0.00221763
104.78496552,0.00264366
104.80880737,0.00295269
104.83264923,0.00233519
104.85649109,0.00177369
104.88033295,0.00174296
104.90417480,0.00118175
104.92801666,0.00201622
104.95185852,0.00929587
104.97570038,0.01547568
104.99954224,0.01672206
105.02338409,0.01676702
105.04722595,0.01264122
105.07106781,0.00511306
105.09490967,0.00174940
105.11875153,0.00171333
105.14259338,0.00169855
105.16643524,0.00209397
105.19027710,0.00305992
105.21411896,0.00320464
105.23796082,0.00281456
105.26180267,0.00261653
105.28564453,0.00182272
105.30948639,0.00077956
105.33332825,0.00159604
105.35717010,0.00290798
105.38101196,0.00337600
105.40485382,0.00374712
105.42869568,0.00343529
105.45253754,0.00204539
105.47637939,0.00125031
105.50022125,0.00112106
105.52406311,0.00086876
105.54790497,0.00155382
105.57174683,0.00430509
105.59558868,0.00601078
105.61943054,0.00602878
105.64327240,0.00558878
105.66711426,0.00338851
105.69095612,0.00082736
105.71479797,0.00153838
105.73863983,0.00208955
105.76248169,0.00199202
105.78632355,0.00214738
105.81016541,0.00238086
105.83400726,0.00193145
105.85784912,0.00164263
105.88169098,0.00155218
105.90553284,0.00089809
105.92937469,0.00203165
105.95321655,0.00903180
105.97705841,0.01443466
106.00090027,0.01539029
106.02474213,0.01546730
106.04858398,0.01132110
106.07242584,0.00417001
106.09626770,0.00112529
106.12010956,0.00104968
106.14395142,0.00096420
106.16779327,0.00144873
106.19163513,0.00250523
106.21547699,0.00270477
106.23931885,0.00235336
106.26316071,0.00190624
106.28700256,0.00064562
106.31084442,0.00086551
106.33468628,0.00223953
106.35852814,0.00314281
106.38237000,0.00319094
106.40621185,0.00333831
106.43005371,0.00304727
106.45389557,0.00200410
106.47773743,0.00155402
106.50157928,0.00142961
106.52542114,0.00116884
106.54926300,0.00209386
106.57310486,0.00462519
106.59694672,0.00617245
106.62078857,0.00618068
106.64463043,0.00554505
106.66847229,0.00321638
106.69231415,0.00051709
106.71615601,0.00117046
106.73999786,0.00150063
106.76383972,0.00146704
106.78768158,0.00196957
106.81152344,0.00262297
106.83536530,0.00255041
106.85920715,0.00213201
106.88304901,0.00139828
106.90689087,0.00051075
106.93073273,0.00331566
106.95457458,0.00936904
106.97841644,0.01331554
107.00225830,0.01352092
107.02610016,0.01322005
107.04994202,0.00939855
107.07378387,0.00363406
107.09762573,0.00151749
107.12146759,0.00133742
107.14530945,0.00113700
107.16915131,0.00164375
107.19299316,0.00268009
107.21683502,0.00296888
107.24067688,0.00268790
107.26451874,0.00214030
107.28836060,0.00089849
107.31220245,0.00048746
107.33604431,0.00156552
107.35988617,0.00208973
107.38372803,0.00204975
107.40756989,0.00251522
107.43141174,0.00277375
107.45525360,0.00218014
107.47909546,0.00175955
107.50293732,0.00139596
107.52677917,0.00079651
107.55062103,0.00134019
107.57446289,0.00348249
107.59830475,0.00487659
107.62214661,0.00500712
107.64598846,0.00433721
107.66983032,0.00219012
107.69367218,0.00008948
107.71751404,0.00071843
107.74135590,0.00069034
107.76519775,0.00029400
107.78903961,0.00057525
107.81288147,0.00129312
107.83672333,0.00137998
107.86056519,0.00117874
107.88440704,0.00078813
107.90824890,0.00058602
107.93209076,0.00280711
107.95593262,0.00711085
107.97977448,0.00975980
108.00361633,0.00987273
108.02745819,0.00969462
108.05130005,0.00690275
108.07514191,0.00273999
108.09898376,0.00100980
108.12282562,0.00050813
108.14666748,0.00025668
108.17050934,0.00027523
108.19435120,0.00121469
108.21819305,0.00160104
108.24203491,0.00148447
108.26587677,0.00101223
108.28971863,0.00026945
108.31356049,0.00085661
108.33740234,0.00118430
108.36124420,0.00112276
108.38508606,0.00100979
108.40892792,0.00141876
108.43276978,0.00169676
108.45661163,0.00136547
108.48045349,0.00095422
108.50429535,0.00058642
108.52813721,0.00056030
108.55197906,0.00030570
108.57582092,0.00227219
108.59966278,0.00349135
108.62350464,0.00361808
108.64734650,0.00303953
108.67118835,0.00142856
108.69503021,0.00058163
108.71887207,0.00068433
108.74271393,0.00028144
108.76655579,0.00009268
108.79039764,0.00043175
108.81423950,0.00128867
108.83808136,0.00155485
108.86192322,0.00138631
108.88576508,0.00078374
108.90960693,0.00041686
108.93344879,0.00183066
108.95729065,0.00394287
108.98113251,0.00499767
109.00497437,0.00505343
109.02881622,0.00526875
109.05265808,0.00416209
109.07649994,0.00233096
109.10034180,0.00130153
109.12418365,0.00049043
109.14802551,0.00048524
109.17186737,0.00040141
109.19570923,0.00062704
109.21955109,0.00128435
109.24339294,0.00139800
109.26723480,0.00081293
109.29107666,0.00043567
109.31491852,0.00096929
109.33876038,0.00098099
109.36260223,0.00054359
109.38644409,0.00014977
109.41028595,0.00031012
109.43412781,0.00098299
109.45796967,0.00130916
109.48181152,0.00117439
109.50565338,0.00061709
109.52949524,0.00019465
109.55333710,0.00034993
109.57717896,0.00102572
109.60102081,0.00157752
109.62486267,0.00151649
109.64870453,0.00094312
109.67254639,0.00052514
109.69638824,0.00095611
109.72023010,0.00072708
109.74407196,0.00011552
109.76791382,0.00043222
109.79175568,0.00024626
109.81559753,0.00048866
109.83943939,0.00090246
109.86328125,0.00089494
109.88712311,0.00046622
109.91096497,0.00039697
109.93480682,0.00064580
109.95864868,0.00070027
109.98249054,0.00055069
110.00633240,0.00055914
110.03017426,0.00098510
110.05401611,0.00137108
110.07785797,0.00126372
110.10169983,0.00073216
110.12554169,0.00007130
110.14938354,0.00058298
110.17322540,0.00054755
110.19706726,0.00066695
110.22090912,0.00108163
110.24475098,0.00092781
110.26859283,0.00044461
110.29243469,0.00082894
110.31627655,0.00081022
110.34011841,0.00026072
110.36396027,0.00081928
110.38780212,0.00123796
110.41164398,0.00117202
110.43548584,0.00098759
110.45932770,0.00104342
110.48316956,0.00056799
110.50701141,0.00020784
110.53085327,0.00080117
110.55469513,0.00098558
110.57853699,0.00070890
110.60237885,0.00024336
110.62622070,0.00010913
110.65006256,0.00070464
110.67390442,0.00107860
110.69774628,0.00095300
110.72158813,0.00044034
110.74542999,0.00068108
110.76927185,0.00108644
110.79311371,0.00093994
110.81695557,0.00059675
110.84079742,0.00072573
110.86463928,0.00067838
110.88848114,0.00044462
110.91232300,0.00075364
110.93616486,0.00025397
110.96000671,0.00265076
110.98384857,0.00436071
111.00769043,0.00469688
111.03153229,0.00407377
111.05537415,0.00189301
111.07921600,0.00016725
111.10305786,0.00037316
111.12689972,0.00055903
111.15074158,0.00099404
111.17458344,0.00105445
111.19842529,0.00064188
111.22226715,0.00007777
111.24610901,0.00006893
111.26995087,0.00053185
111.29379272,0.00090492
111.31763458,0.00084994
111.34147644,0.00102876
111.36531830,0.00175154
111.38916016,0.00207445
111.41300201,0.00193085
111.43684387,0.00112238
111.46068573,0.00024395
111.48452759,0.00031876
111.50836945,0.00098519
111.53221130,0.00150412
111.55605316,0.00204895
111.57989502,0.00251624
111.60373688,0.00224313
111.62757874,0.00209231
111.65142059,0.00218797
111.67526245,0.00164865
111.69910431,0.00089497
111.72294617,0.00066856
111.74678802,0.00138558
111.77062988,0.00188549
111.79447174,0.00192339
111.81831360,0.00127025
111.84215546,0.00040884
111.86599731,0.00030698
111.88983917,0.00076213
111.91368103,0.00072065
111.93752289,0.00168994
111.96136475,0.00621694
111.98520660,0.00882380
112.00904846,0.00929554
112.03289032,0.00848710
112.05673218,0.00468887
112.08057404,0.00103553
112.10441589,0.00058361
112.12825775,0.00126608
112.15209961,0.00158938
112.17594147,0.00179753
112.19978333,0.00152963
112.22362518,0.00078358
112.24746704,0.00074506
112.27130890,0.00106920
112.29515076,0.00088664
112.31899261,0.00002672
112.34283447,0.00151267
112.36667633,0.00259204
112.39051819,0.00291272
112.41436005,0.00264670
112.43820190,0.00141009
112.46204376,0.00026863
112.48588562,0.00014907
112.50972748,0.00053727
112.53356934,0.00108592
112.55741119,0.00231688
112.58125305,0.00374323
112.60509491,0.00383992
112.62893677,0.00360177
112.65277863,0.00332095
112.67662048,0.00199748
112.70046234,0.00060389
112.72430420,0.00047362
112.74814606,0.00123182
112.77198792,0.00154142
112.79582977,0.00179346
112.81967163,0.00150707
112.84351349,0.00092290
112.86735535,0.00102976
112.89119720,0.00134773
112.91503906,0.00098794
112.93888092,0.00339533
112.96272278,0.00922815
112.98656464,0.01200998
113.01040649,0.01217097
113.03424835,0.01090186
113.05809021,0.00578267
113.08193207,0.00108417
113.10577393,0.00057788
113.12961578,0.00116214
113.15345764,0.00149136
113.17729950,0.00208623
113.20114136,0.00243762
113.22498322,0.00199426
113.24882507,0.00183158
113.27266693,0.00177023
113.29650879,0.00111153
113.32035065,0.00078514
113.34419250,0.00223240
113.36803436,0.00327882
113.39187622,0.00340571
113.41571808,0.00319309
113.43955994,0.00201332
113.46340179,0.00085480
113.48724365,0.00104246
113.51108551,0.00139445
113.53492737,0.00173547
113.55876923,0.00331356
113.58261108,0.00527501
113.60645294,0.00554151
113.63029480,0.00535872
113.65413666,0.00466241
113.67797852,0.00230491
113.70182037,0.00020732
113.72566223,0.00128448
113.74950409,0.00217042
113.77334595,0.00250484
113.79718781,0.00267942
113.82102966,0.00228681
113.84487152,0.00151282
113.86871338,0.00142815
113.89255524,0.00153917
113.91639709,0.00097357
113.94023895,0.00463145
113.96408081,0.01153158
113.98792267,0.01458511
114.01176453,0.01478114
114.03560638,0.01306587
114.05944824,0.00679953
114.08329010,0.00146870
114.10713196,0.00069299
114.13097382,0.00123521
114.15481567,0.00166932
114.17865753,0.00249775
114.20249939,0.00296423
114.22634125,0.00254847
114.25018311,0.00233888
114.27402496,0.00197619
114.29786682,0.00097796
114.32170868,0.00070671
114.34555054,0.00251831
114.36939240,0.00360014
114.39323425,0.00390202
114.41707611,0.00386639
114.44091797,0.00257463
114.46475983,0.00112297
114.48860168,0.00085749
114.51244354,0.00097781
114.53628540,0.00137772
114.56012726,0.00352569
114.58396912,0.00600764
114.60781097,0.00638628
114.63165283,0.00610227
114.65549469,0.00501583
114.67933655,0.00227370
114.70317841,0.00066108
114.72702026,0.00152380
114.75086212,0.00184761
114.77470398,0.00187560
114.79854584,0.00228262
114.82238770,0.00208466
114.84622955,0.00138662
114.87007141,0.00131345
114.89391327,0.00107188
114.91775513,0.00043453
114.94159698,0.00543943
114.96543884,0.01236835
114.98928070,0.01511086
115.01312256,0.01544249
115.03696442,0.01380100
115.06080627,0.00738260
115.08464813,0.00228018
115.10848999,0.00163944
115.13233185,0.00174772
115.15617371,0.00173676
115.18001556,0.00243789
115.20385742,0.00302430
115.22769928,0.00277766
115.25154114,0.00272909
115.27538300,0.00239805
115.29922485,0.00125345
115.32306671,0.00081823
115.34690857,0.00216839
115.37075043,0.00291900
115.39459229,0.00323847
115.41843414,0.00333857
115.44227600,0.00228054
115.46611786,0.00131032
115.48995972,0.00129581
115.51380157,0.00115997
115.53764343,0.00131772
115.56148529,0.00338268
115.58532715,0.00576150
115.60916901,0.00610924
115.63301086,0.00588370
115.65685272,0.00461113
115.68069458,0.00170742
115.70453644,0.00057176
115.72837830,0.00156411
115.75222015,0.00189173
115.77606201,0.00204620
115.79990387,0.00260132
115.82374573,0.00252493
115.84758759,0.00194392
115.87142944,0.00175192
115.89527130,0.00127450
115.91911316,0.00079086
115.94295502,0.00565181
115.96679688,0.01209052
115.99063873,0.01430700
116.01448059,0.01460581
116.03832245,0.01302553
116.06216431,0.00685892
116.08600616,0.00207371
116.10984802,0.00133497
116.13368988,0.00128883
116.15753174,0.00142921
116.18137360,0.00230795
116.20521545,0.00286008
116.22905731,0.00247771
116.25289917,0.00202708
116.27674103,0.00116733
116.30058289,0.00012767
116.32442474,0.00128672
116.34826660,0.00243244
116.37210846,0.00285445
116.39595032,0.00312809
116.41979218,0.00347779
116.44363403,0.00266779
116.46747589,0.00165031
116.49131775,0.00137832
116.51515961,0.00108531
116.53900146,0.00147362
116.56284332,0.00360732
116.58668518,0.00587522
116.61052704,0.00609305
116.63436890,0.00569893
116.65821075,0.00426815
116.68205261,0.00145955
116.70589447,0.00079700
116.72973633,0.00137111
116.75357819,0.00140973
116.77742004,0.00152890
116.80126190,0.00213833
116.82510376,0.00226887
116.84894562,0.00189956
116.87278748,0.00166051
116.89662933,0.00100675
116.92047119,0.00078919
116.94431305,0.00505493
116.96815491,0.01023284
116.99199677,0.01177983
117.01583862,0.01200903
117.03968048,0.01070688
117.06352234,0.00572423
117.08736420,0.00202971
117.11120605,0.00128858
117.13504791,0.00087587
117.15888977,0.00058719
117.18273163,0.00148004
117.20657349,0.00237569
117.23041534,0.00239161
117.25425720,0.00220154
117.27809906,0.00141677
117.30194092,0.00018436
117.32578278,0.00090834
117.34962463,0.00156162
117.37346649,0.00158590
117.39730835,0.00178620
117.42115021,0.00230965
117.44499207,0.00202731
117.46883392,0.00148511
117.49267578,0.00118959
117.51651764,0.00066457
117.54035950,0.00042877
117.56420135,0.00238263
117.58804321,0.00454870
117.61188507,0.00511953
117.63572693,0.00498434
117.65956879,0.00351429
117.68341064,0.00104091
117.70725250,0.00049972
117.73109436,0.00070888
117.75493622,0.00051461
117.77877808,0.00063122
117.80261993,0.00134174
117.82646179,0.00165308
117.85030365,0.00150322
117.87414551,0.00120443
117.89798737,0.00049068
117.92182922,0.00084937
117.94567108,0.00409438
117.96951294,0.00757108
117.99335480,0.00842286
118.01719666,0.00879245
118.04103851,0.00787760
118.06488037,0.00418311
118.08872223,0.00158964
118.11256409,0.00086726
118.13640594,0.00037781
118.16024780,0.00047961
118.18408966,0.00139056
118.20793152,0.00235211
118.23177338,0.00256532
118.25561523,0.00223515
118.27945709,0.00121503
118.30329895,0.00026577
118.32714081,0.00081932
118.35098267,0.00102331
118.37482452,0.00072608
118.39866638,0.00091469
118.42250824,0.00156670
118.44635010,0.00160547
118.47019196,0.00127487
118.49403381,0.00095613
118.51787567,0.00052341
118.54171753,0.00010224
118.56555939,0.00155508
118.58940125,0.00332148
118.61324310,0.00374843
118.63708496,0.00344640
118.66092682,0.00224605
118.68476868,0.00097265
118.70861053,0.00109921
118.73245239,0.00073194
118.75629425,0.00042236
118.78013611,0.00068805
118.80397797,0.00105838
118.82781982,0.00136332
118.85166168,0.00119497
118.87550354,0.00071901
118.89934540,0.00012098
118.92318726,0.00120439
118.94702911,0.00292630
118.97087097,0.00439538
118.99471283,0.00451874
119.01855469,0.00463282
119.04239655,0.00431558
119.06623840,0.00266556
119.09008026,0.00151961
119.11392212,0.00108588
119.13776398,0.00051848
119.16160583,0.00030636
119.18544769,0.00080228
119.20928955,0.00127380
119.23313141,0.00124662
119.25697327,0.00082533
119.28081512,0.00027464
119.30465698,0.00091033
119.32849884,0.00129993
119.35234070,0.00107082
119.37618256,0.00061357
119.40002441,0.00045334
119.42386627,0.00078781
119.44770813,0.00105097
119.47154999,0.00097975
119.49539185,0.00046580
119.51923370,0.00045393
119.54307556,0.00050580
119.56691742,0.00042258
119.59075928,0.00145856
119.61460114,0.00195696
119.63844299,0.00173151
119.66228485,0.00082793
119.68612671,0.00092617
119.70996857,0.00113796
119.73381042,0.00058818
119.75765228,0.00023624
119.78149414,0.00033613
119.80533600,0.00038963
119.82917786,0.00094236
119.85301971,0.00112360
119.87686157,0.00072831
119.90070343,0.00033568
119.92454529,0.00099862
119.94838715,0.00119766
119.97222900,0.00091372
119.99607086,0.00053595
120.01991272,0.00051388
120.04375458,0.00091587
120.06759644,0.00109656
120.09143829,0.00084226
120.11528015,0.00042925
120.13912201,0.00064658
120.16296387,0.00083107
120.18680573,0.00038051
120.21064758,0.00040782
120.23448944,0.00089041
120.25833130,0.00070882
120.28217316,0.00036627
120.30601501,0.00060465
120.32985687,0.00051496
120.35369873,0.00066369
120.37754059,0.00098301
120.40138245,0.00089088
120.42522430,0.00030576
120.44906616,0.00057147
120.47290802,0.00087009
120.49674988,0.00061223
120.52059174,0.00057291
120.54443359,0.00083315
120.56827545,0.00091531
120.59211731,0.00070227
120.61595917,0.00053012
120.63980103,0.00069511
120.66364288,0.00107257
120.68748474,0.00117092
120.71132660,0.00087955
120.73516846,0.00071560
120.75901031,0.00087976
120.78285217,0.00071612
120.80669403,0.00018527
120.83053589,0.00050859
120.85437775,0.00074999
120.87821960,0.00028760
120.90206146,0.00075150
120.92590332,0.00058006
120.94974518,0.00170435
120.97358704,0.00380558
120.99742889,0.00464664
121.02127075,0.00450742
121.04511261,0.00308651
121.06895447,0.00111993
121.09279633,0.00055462
121.11663818,0.00039229
121.14048004,0.00127514
121.16432190,0.00160082
121.18816376,0.00146247
121.21200562,0.00096178
121.23584747,0.00050064
121.25968933,0.00063784
121.28353119,0.00126028
121.30737305,0.00134462
121.33121490,0.00059157
121.35505676,0.00060541
121.37889862,0.00142475
121.40274048,0.00157362
121.42658234,0.00097220
121.45042419,0.00039492
121.47426605,0.00064322
121.49810791,0.00047552
121.52194977,0.00103284
121.54579163,0.00176511
121.56963348,0.00269855
121.59347534,0.00280231
121.61731720,0.00237108
121.64115906,0.00243727
121.66500092,0.00225134
121.68884277,0.00158240
121.71268463,0.00066721
121.73652649,0.00048837
121.76036835,0.00119586
121.78421021,0.00153398
121.80805206,0.00143596
121.83189392,0.00083227
121.85573578,0.00044099
121.87957764,0.00069469
121.90341949,0.00113826
121.92726135,0.00016706
121.95110321,0.00349685
121.97494507,0.00718013
121.99878693,0.00842564
122.02262878,0.00851623
122.04647064,0.00627956
122.07031250,0.00232224
122.09415436,0.00065434
122.11799622,0.00110140
122.14183807,0.00157965
122.16567993,0.00202093
122.18952179,0.00223499
122.21336365,0.00176819
122.23720551,0.00127761
122.26104736,0.00119989
122.28488922,0.00098676
122.30873108,0.00039589
122.33257294,0.00100771
122.35641479,0.00252313
122.38025665,0.00322880
122.40409851,0.00332483
122.42794037,0.00252049
122.45178223,0.00093004
122.47562408,0.00039415
122.49946594,0.00083994
122.52330780,0.00109939
122.54714966,0.00169592
122.57099152,0.00324644
122.59483337,0.00397932
122.61867523,0.00373752
122.64251709,0.00382625
122.66635895,0.00300518
122.69020081,0.00126438
122.71404266,0.00051046
122.73788452,0.00153067
122.76172638,0.00218684
122.78556824,0.00246731
122.80941010,0.00222502
122.83325195,0.00121577
122.85709381,0.00051895
122.88093567,0.00057238
122.90477753,0.00050565
122.92861938,0.00127284
122.95246124,0.00631646
122.97630310,0.01069062
123.00014496,0.01165419
123.02398682,0.01148524
123.04782867,0.00823436
123.07167053,0.00291577
123.09551239,0.00096561
123.11935425,0.00142489
123.14319611,0.00167058
123.16703796,0.00193030
123.19087982,0.00227182
123.21472168,0.00199216
123.23856354,0.00174320
123.26240540,0.00187920
123.28624725,0.00161157
123.31008911,0.00088143
123.33393097,0.00139289
123.35777283,0.00268796
123.38161469,0.00309151
123.40545654,0.00324065
123.42929840,0.00263551
123.45314026,0.00121664
123.47698212,0.00068660
123.50082397,0.00099530
123.52466583,0.00114316
123.54850769,0.00197102
123.57234955,0.00415328
123.59619141,0.00531042
123.62003326,0.00515967
123.64387512,0.00495948
123.66771698,0.00341315
123.69155884,0.00123610
123.71540070,0.00091426
123.73924255,0.00153536
123.76308441,0.00174600
123.78692627,0.00198721
123.81076813,0.00210744
123.83460999,0.00153225
123.85845184,0.00121686
123.88229370,0.00141043
123.90613556,0.00113169
123.92997742,0.00167496
123.95381927,0.00764215
123.97766113,0.01237710
124.00150299,0.01317508
124.02534485,0.01290264
124.04918671,0.00897560
124.07302856,0.00285512
124.09687042,0.00064632
124.12071228,0.00109560
124.14455414,0.00141974
124.16839600,0.00188045
124.19223785,0.00264908
124.21607971,0.00264084
124.23992157,0.00235048
124.26376343,0.00227656
124.28760529,0.00147562
124.31144714,0.00046327
124.33528900,0.00188503
124.35913086,0.00330424
124.38297272,0.00362332
124.40681458,0.00366518
124.43065643,0.00301109
124.45449829,0.00162422
124.47834015,0.00109421
124.50218201,0.00126041
124.52602386,0.00138562
124.54986572,0.00252028
124.57370758,0.00526362
124.59754944,0.00662671
124.62139130,0.00637078
124.64523315,0.00579208
124.66907501,0.00338995
124.69291687,0.00057702
124.71675873,0.00155146
124.74060059,0.00226901
124.76444244,0.00233243
124.78828430,0.00260896
124.81212616,0.00274395
124.83596802,0.00209875
124.85980988,0.00183515
124.88365173,0.00183293
124.90749359,0.00106023
124.93133545,0.00207389
124.95517731,0.00869611
124.97901917,0.01337335
125.00286102,0.01405040
125.02670288,0.01366791
125.05054474,0.00930946
125.07438660,0.00305962
125.09822845,0.00113223
125.12207031,0.00134002
125.14591217,0.00136309
125.16975403,0.00192078
125.19359589,0.00276670
125.21743774,0.00261980
125.24127960,0.00221952
125.26512146,0.00191873
125.28896332,0.00096104
125.31280518,0.00036053
125.33664703,0.00186125
125.36048889,0.00300921
125.38433075,0.00315734
125.40817261,0.00329619
125.43201447,0.00276418
125.45585632,0.00141462
125.47969818,0.00094485
125.50354004,0.00102715
125.52738190,0.00092812
125.55122375,0.00223706
125.57506561,0.00517019
125.59890747,0.00650919
125.62274933,0.00637598
125.64659119,0.00580342
125.67043304,0.00329700
125.69427490,0.00057841
125.71811676,0.00084618
125.74195862,0.00151847
125.76580048,0.00175635
125.78964233,0.00235888
125.81348419,0.00283005
125.83732605,0.00225866
125.86116791,0.00160959
125.88500977,0.00108778
125.90885162,0.00001753
125.93269348,0.00304513
125.95653534,0.00905491
125.98037720,0.01291706
126.00421906,0.01331926
126.02806091,0.01306426
126.05190277,0.00902441
126.07574463,0.00321735
126.09958649,0.00111472
126.12342834,0.00104249
126.14727020,0.00090417
126.17111206,0.00147484
126.19495392,0.00250155
126.21879578,0.00260166
126.24263763,0.00238513
126.26647949,0.00203535
126.29032135,0.00084717
126.31416321,0.00076158
126.33800507,0.00193978
126.36184692,0.00260177
126.38568878,0.00275311
126.40953064,0.00315149
126.43337250,0.00291569
126.45721436,0.00201892
126.48105621,0.00161463
126.50489807,0.00126330
126.52873993,0.00069870
126.55258179,0.00164887
126.57642365,0.00450261
126.60026550,0.00596282
126.62410736,0.00601485
126.64794922,0.00537102
126.67179108,0.00280496
126.69563293,0.00066660
126.71947479,0.00124093
126.74331665,0.00126213
126.76715851,0.00092740
126.79100037,0.00122208
126.81484222,0.00178036
126.83868408,0.00170437
126.86252594,0.00156869
126.88636780,0.00128501
126.91020966,0.00055113
126.93405151,0.00288117
126.95789337,0.00790518
126.98173523,0.01084732
127.00557709,0.01120562
127.02941895,0.01107362
127.05326080,0.00758544
127.07710266,0.00296719
127.10094452,0.00139737
127.12478638,0.00104028
127.14862823,0.00078886
127.17247009,0.00141505
127.19631195,0.00258128
127.22015381,0.00289836
127.24399567,0.00264261
127.26783752,0.00199495
127.29167938,0.00070357
127.31552124,0.00057791
127.33936310,0.00169609
127.36320496,0.00216665
127.38704681,0.00216266
127.41088867,0.00260190
127.43473053,0.00257140
127.45857239,0.00181702
127.48241425,0.00127989
127.50625610,0.00072254
127.53009796,0.00028905
127.55393982,0.00144342
127.57778168,0.00389905
127.60162354,0.00522439
127.62546539,0.00520402
127.64930725,0.00422379
127.67314911,0.00174306
127.69699097,0.00071491
127.72083282,0.00132719
127.74467468,0.00115376
127.76851654,0.00090673
127.79235840,0.00130418
127.81620026,0.00184431
127.84004211,0.00180272
127.86388397,0.00158220
127.88772583,0.00113299
127.91156769,0.00093727
127.93540955,0.00285732
127.95925140,0.00632326
127.98309326,0.00798935
128.00693512,0.00800355
128.03077698,0.00793693
128.05461884,0.00551289
128.07846069,0.00238776
128.10230255,0.00124865
128.12614441,0.00061669
128.14998627,0.00016455
128.17382813,0.00064700
128.19766998,0.00183196
128.22151184,0.00241727
128.24535370,0.00237400
128.26919556,0.00164163
128.29303741,0.00038830
128.31687927,0.00094051
128.34072113,0.00126825
128.36456299,0.00104009
128.38840485,0.00079054
128.41224670,0.00096581
128.43608856,0.00105446
128.45993042,0.00076847
128.48377228,0.00060532
128.50761414,0.00030564
128.53145599,0.00007360
128.55529785,0.00099857
128.57913971,0.00309160
128.60298157,0.00412529
128.62682343,0.00401232
128.65066528,0.00307010
128.67450714,0.00107961
128.69834900,0.00038674
128.72219086,0.00062140
128.74603271,0.00044383
128.76987457,0.00046640
128.79371643,0.00017685
128.81755829,0.00095015
128.84140015,0.00134242
128.86524200,0.00128074
128.88908386,0.00075220
128.91292572,0.00028145
128.93676758,0.00170786
128.96060944,0.00366602
128.98445129,0.00447172
129.00829315,0.00453950
129.03213501,0.00471446
129.05597687,0.00354048
129.07981873,0.00180117
129.10366058,0.00089472
129.12750244,0.00041002
129.15134430,0.00058413
129.17518616,0.00031252
129.19902802,0.00049724
129.22286987,0.00096137
129.24671173,0.00098528
129.27055359,0.00054064
129.29439545,0.00044457
129.31823730,0.00077685
129.34207916,0.00076241
129.36592102,0.00061865
129.38976288,0.00066096
129.41360474,0.00126159
129.43744659,0.00189817
129.46128845,0.00190724
129.48513031,0.00145071
129.50897217,0.00077110
129.53281403,0.00022693
129.55665588,0.00028939
129.58049774,0.00120865
129.60433960,0.00178913
129.62818146,0.00167296
129.65202332,0.00105233
129.67586517,0.00076888
129.69970703,0.00117088
129.72354889,0.00082634
129.74739075,0.00022139
129.77123260,0.00046935
129.79507446,0.00038068
129.81891632,0.00065057
129.84275818,0.00089964
129.86660004,0.00075225
129.89044189,0.00042394
129.91428375,0.00077020
129.93812561,0.00085904
129.96196747,0.00059383
129.98580933,0.00016552
130.00965118,0.00017877
130.03349304,0.00073133
130.05733490,0.00119169
130.08117676,0.00113335
130.10501862,0.00073409
130.12886047,0.00053021
130.15270233,0.00092353
130.17654419,0.00075994
130.20038605,0.00023473
130.22422791,0.00049642
130.24806976,0.00056403
130.27191162,0.00033468
130.29575348,0.00053296
130.31959534,0.00050797
130.34343719,0.00023704
130.36727905,0.00080605
130.39112091,0.00101014
130.41496277,0.00087865
130.43880463,0.00084785
130.46264648,0.00095276
130.48648834,0.00056747
130.51033020,0.00027626
130.53417206,0.00066366
130.55801392,0.00072725
130.58185577,0.00049078
130.60569763,0.00045337
130.62953949,0.00046962
130.65338135,0.00002449
130.67722321,0.00032641
130.70106506,0.00012890
130.72490692,0.00049372
130.74874878,0.00101269
130.77259064,0.00112889
130.79643250,0.00089665
130.82027435,0.00048144
130.84411621,0.00062662
130.86795807,0.00024446
130.89179993,0.00061151
130.91564178,0.00096653
130.93948364,0.00061090
130.96332550,0.00259317
130.98716736,0.00405088
131.01100922,0.00445951
131.03485107,0.00392043
131.05869293,0.00198321
131.08253479,0.00031313
131.10637665,0.00022417
131.13021851,0.00061300
131.15406036,0.00074635
131.17790222,0.00067940
131.20174408,0.00038936
131.22558594,0.00022529
131.24942780,0.00004857
131.27326965,0.00054967
131.29711151,0.00085222
131.32095337,0.00043915
131.34479523,0.00078564
131.36863708,0.00164947
131.39247894,0.00199508
131.41632080,0.00175049
131.44016266,0.00080521
131.46400452,0.00013935
131.48784637,0.00055940
131.51168823,0.00108483
131.53553009,0.00148279
131.55937195,0.00212648
131.58321381,0.00260719
131.60705566,0.00235016
131.63089752,0.00229540
131.65473938,0.00230887
131.67858124,0.00165851
131.70242310,0.00084848
131.72626495,0.00033135
131.75010681,0.00113125
131.77394867,0.00160490
131.79779053,0.00166967
131.82163239,0.00107331
131.84547424,0.00039864
131.86931610,0.00047373
131.89315796,0.00083810
131.91699982,0.00062773
131.94084167,0.00189261
131.96468353,0.00572426
131.98852539,0.00754809
132.01236725,0.00762037
132.03620911,0.00648178
132.06005096,0.00300952
132.08389282,0.00041415
132.10773468,0.00026725
132.13157654,0.00108153
132.15541840,0.00149822
132.17926025,0.00172560
132.20310211,0.00144502
132.22694397,0.00083343
132.25078583,0.00088938
132.27462769,0.00131341
132.29846954,0.00121313
132.32231140,0.00041647
132.34615326,0.00125865
132.36999512,0.00233264
132.39383698,0.00277885
132.41767883,0.00265148
132.44152069,0.00160569
132.46536255,0.00063664
132.48920441,0.00052576
132.51304626,0.00108120
132.53688812,0.00157349
132.56072998,0.00286142
132.58457184,0.00413450
132.60841370,0.00400356
132.63225555,0.00384837
132.65609741,0.00356043
132.67993927,0.00210655
132.70378113,0.00080886
132.72762299,0.00077987
132.75146484,0.00146450
132.77530670,0.00183703
132.79914856,0.00195283
132.82299042,0.00142557
132.84683228,0.00068865
132.87067413,0.00086388
132.89451599,0.00116813
132.91835785,0.00055284
132.94219971,0.00329713
132.96604156,0.00842996
132.98988342,0.01074985
133.01372528,0.01100388
133.03756714,0.00940825
133.06140900,0.00454247
133.08525085,0.00114809
133.10909271,0.00121695
133.13293457,0.00141174
133.15677643,0.00147160
133.18061829,0.00183517
133.20446014,0.00178562
133.22830200,0.00119399
133.25214386,0.00112969
133.27598572,0.00105107
133.29982758,0.00035725
133.32366943,0.00094554
133.34751129,0.00271967
133.37135315,0.00369999
133.39519501,0.00390803
133.41903687,0.00353470
133.44287872,0.00196447
133.46672058,0.00081851
133.49056244,0.00113498
133.51440430,0.00155154
133.53824615,0.00210154
133.56208801,0.00402916
133.58592987,0.00589864
133.60977173,0.00581751
133.63361359,0.00544977
133.65745544,0.00442311
133.68129730,0.00195933
133.70513916,0.00036224
133.72898102,0.00130507
133.75282288,0.00199782
133.77666473,0.00236623
133.80050659,0.00268129
133.82434845,0.00214515
133.84819031,0.00121888
133.87203217,0.00094198
133.89587402,0.00072489
133.91971588,0.00053593
133.94355774,0.00480453
133.96739960,0.01039808
133.99124146,0.01244603
134.01508331,0.01252044
134.03892517,0.01069870
134.06276703,0.00521611
134.08660889,0.00123535
134.11045074,0.00095734
134.13429260,0.00150598
134.15813446,0.00191685
134.18197632,0.00270791
134.20581818,0.00300549
134.22966003,0.00249682
134.25350189,0.00218108
134.27734375,0.00162017
134.30118561,0.00055200
134.32502747,0.00089146
134.34886932,0.00264889
134.37271118,0.00357184
134.39655304,0.00394407
134.42039490,0.00392394
134.44423676,0.00255616
134.46807861,0.00121338
134.49192047,0.00100869
134.51576233,0.00101083
134.53960419,0.00150642
134.56344604,0.00397618
134.58728790,0.00643794
134.61112976,0.00668537
134.63497162,0.00642024
134.65881348,0.00501186
134.68265533,0.00194324
134.70649719,0.00119600
134.73033905,0.00238175
134.75418091,0.00277296
134.77802277,0.00269021
134.80186462,0.00276562
134.82570648,0.00223710
134.84954834,0.00151286
134.87339020,0.00154981
134.89723206,0.00140099
134.92107391,0.00033059
134.94491577,0.00466052
134.96875763,0.01027290
134.99259949,0.01209698
135.01644135,0.01246816
135.04028320,0.01086944
135.06412506,0.00526777
135.08796692,0.00143361
135.11180878,0.00116835
135.13565063,0.00127632
135.15949249,0.00163146
135.18333435,0.00271337
135.20717621,0.00316723
135.23101807,0.00278967
135.25485992,0.00257136
135.27870178,0.00179004
135.30254364,0.00040318
135.32638550,0.00127984
135.35022736,0.00275576
135.37406921,0.00326792
135.39791107,0.00342657
135.42175293,0.00347883
135.44559479,0.00245128
135.46943665,0.00155932
135.49327850,0.00150468
135.51712036,0.00122268
135.54096222,0.00122637
135.56480408,0.00357848
135.58864594,0.00612296
135.61248779,0.00655219
135.63632965,0.00646397
135.66017151,0.00489691
135.68401337,0.00168005
135.70785522,0.00069688
135.73169708,0.00156372
135.75553894,0.00179758
135.77938080,0.00211518
135.80322266,0.00272127
135.82706451,0.00256430
135.85090637,0.00207531
135.87474823,0.00188963
135.89859009,0.00128296
135.92243195,0.00063845
135.94627380,0.00523283
135.97011566,0.01051378
135.99395752,0.01205315
136.01779938,0.01224068
136.04164124,0.01039891
136.06548309,0.00499512
136.08932495,0.00150101
136.11316681,0.00117875
136.13700867,0.00124081
136.16085052,0.00168782
136.18469238,0.00291269
136.20853424,0.00366666
136.23237610,0.00342969
136.25621796,0.00292120
136.28005981,0.00182483
136.30390167,0.00066050
136.32774353,0.00133264
136.35158539,0.00223835
136.37542725,0.00236646
136.39926910,0.00250518
136.42311096,0.00273115
136.44695282,0.00202298
136.47079468,0.00131174
136.49463654,0.00112079
136.51847839,0.00078291
136.54232025,0.00122152
136.56616211,0.00389377
136.59000397,0.00638912
136.61384583,0.00665675
136.63768768,0.00620995
136.66152954,0.00424653
136.68537140,0.00108264
136.70921326,0.00089486
136.73305511,0.00127517
136.75689697,0.00118814
136.78073883,0.00143608
136.80458069,0.00218824
136.82842255,0.00234916
136.85226440,0.00203348
136.87610626,0.00172435
136.89994812,0.00097778
136.92378998,0.00142039
136.94763184,0.00547920
136.97147369,0.00959850
136.99531555,0.01047072
137.01915741,0.01057677
137.04299927,0.00898178
137.06684113,0.00442388
137.09068298,0.00154793
137.11452484,0.00091150
137.13836670,0.00036958
137.16220856,0.00027467
137.18605042,0.00138581
137.20989227,0.00238337
137.23373413,0.00262975
137.25757599,0.00258568
137.28141785,0.00168627
137.30525970,0.00062417
137.32910156,0.00117876
137.35294342,0.00180242
137.37678528,0.00174478
137.40062714,0.00196161
137.42446899,0.00240383
137.44831085,0.00201774
137.47215271,0.00149517
137.49599457,0.00106292
137.51983643,0.00036803
137.54367828,0.00077552
137.56752014,0.00313504
137.59136200,0.00535238
137.61520386,0.00585153
137.63904572,0.00563536
137.66288757,0.00382077
137.68672943,0.00112141
137.71057129,0.00039260
137.73441315,0.00056267
137.75825500,0.00028848
137.78209686,0.00048951
137.80593872,0.00144353
137.82978058,0.00197091
137.85362244,0.00187015
137.87746429,0.00148114
137.90130615,0.00070164
137.92514801,0.00128610
137.94898987,0.00438911
137.97283173,0.00708308
137.99667358,0.00744775
138.02051544,0.00759145
138.04435730,0.00647175
138.06819916,0.00323149
138.09204102,0.00123487
138.11588287,0.00062342
138.13972473,0.00007213
138.16356659,0.00035185
138.18740845,0.00152006
138.21125031,0.00242608
138.23509216,0.00247318
138.25893402,0.00207212
138.28277588,0.00108159
138.30661774,0.00018017
138.33045959,0.00075733
138.35430145,0.00106794
138.37814331,0.00107247
138.40198517,0.00135724
138.42582703,0.00183900
138.44966888,0.00171487
138.47351074,0.00133345
138.49735260,0.00101904
138.52119446,0.00058649
138.54503632,0.00046922
138.56887817,0.00224671
138.59272003,0.00396580
138.61656189,0.00427444
138.64040375,0.00390956
138.66424561,0.00242774
138.68808746,0.00036362
138.71192932,0.00063458
138.73577118,0.00056094
138.75961304,0.00042501
138.78345490,0.00029441
138.80729675,0.00049496
138.83113861,0.00090660
138.85498047,0.00089950
138.87882233,0.00045684
138.90266418,0.00063251
138.92650604,0.00186668
138.95034790,0.00367669
138.97418976,0.00491667
138.99803162,0.00475242
139.02187347,0.00470681
139.04571533,0.00414573
139.06955719,0.00244249
139.09339905,0.00132377
139.11724091,0.00079335
139.14108276,0.00019908
139.16492462,0.00050757
139.18876648,0.00114977
139.21260834,0.00170245
139.23645020,0.00163495
139.26029205,0.00106334
139.28413391,0.00015996
139.30797577,0.00092907
139.33181763,0.00112415
139.35565948,0.00081867
139.37950134,0.00035810
139.40334320,0.00035567
139.42718506,0.00090471
139.45102692,0.00119696
139.47486877,0.00105953
139.49871063,0.00059033
139.52255249,0.00006792
139.54639435,0.00031508
139.57023621,0.00100947
139.59407806,0.00200446
139.61791992,0.00234433
139.64176178,0.00192165
139.66560364,0.00077537
139.68944550,0.00054667
139.71328735,0.00077055
139.73712921,0.00045653
139.76097107,0.00066310
139.78481293,0.00058106
139.80865479,0.00062181
139.83249664,0.00113680
139.85633850,0.00117450
139.88018036,0.00064082
139.90402222,0.00025235
139.92786407,0.00083415
139.95170593,0.00098388
139.97554779,0.00066209
139.99938965,0.00029732
140.02323151,0.00047840
140.04707336,0.00094621
140.07091522,0.00107249
140.09475708,0.00081308
140.11859894,0.00051623
140.14244080,0.00073318
140.16628265,0.00072256
140.19012451,0.00015621
140.21396637,0.00062745
140.23780823,0.00100165
140.26165009,0.00074189
140.28549194,0.00034297
140.30933380,0.00053334
140.33317566,0.00060817
140.35701752,0.00114913
140.38085938,0.00144092
140.40470123,0.00114103
140.42854309,0.00043576
140.45238495,0.00051250
140.47622681,0.00078548
140.50006866,0.00083150
140.52391052,0.00130984
140.54775238,0.00154103
140.57159424,0.00138449
140.59543610,0.00082709
140.61927795,0.00035542
140.64311981,0.00051616
140.66696167,0.00090505
140.69080353,0.00099848
140.71464539,0.00065069
140.73848724,0.00029313
140.76232910,0.00043332
140.78617096,0.00025602
140.81001282,0.00045791
140.83385468,0.00115956
140.85769653,0.00122632
140.88153839,0.00071067
140.90538025,0.00046774
140.92922211,0.00030669
140.95306396,0.00164424
140.97690582,0.00351938
141.00074768,0.00410695
141.02458954,0.00378459
141.04843140,0.00223811
141.07227325,0.00016419
141.09611511,0.00067620
141.11995697,0.00080985
141.14379883,0.00123566
141.16764069,0.00148203
141.19148254,0.00140214
141.21532440,0.00091368
141.23916626,0.00065043
141.26300812,0.00094615
141.28684998,0.00120420
141.31069183,0.00101826
141.33453369,0.00074689
141.35837555,0.00151882
141.38221741,0.00201169
141.40605927,0.00194402
141.42990112,0.00118796
141.45374298,0.00030884
141.47758484,0.00032080
141.50142670,0.00045743
141.52526855,0.00101027
141.54911041,0.00167160
141.57295227,0.00247592
141.59679413,0.00254495
141.62063599,0.00232569
141.64447784,0.00248783
141.66831970,0.00211970
141.69216156,0.00127521
141.71600342,0.00043407
141.73984528,0.00108075
141.76368713,0.00187184
141.78752899,0.00207210
141.81137085,0.00172546
141.83521271,0.00094008
141.85905457,0.00059083
141.88289642,0.00095894
141.90673828,0.00114371
141.93058014,0.00047127
141.95442200,0.00362927
141.97826385,0.00639056
142.00210571,0.00708525
142.02594757,0.00677136
142.04978943,0.00439798
142.07363129,0.00117554
142.09747314,0.00019375
142.12131500,0.00087676
142.14515686,0.00137216
142.16899872,0.00170076
142.19284058,0.00183354
142.21668243,0.00137833
142.24052429,0.00115270
142.26436615,0.00151948
142.28820801,0.00148351
142.31204987,0.00086372
142.33589172,0.00068070
142.35973358,0.00203320
142.38357544,0.00255582
142.40741730,0.00244495
142.43125916,0.00150504
142.45510101,0.00023086
142.47894287,0.00029753
142.50278473,0.00058750
142.52662659,0.00104543
142.55046844,0.00205895
142.57431030,0.00381284
142.59815216,0.00443181
142.62199402,0.00416429
142.64583588,0.00411657
142.66967773,0.00295233
142.69351959,0.00116795
142.71736145,0.00072817
142.74120331,0.00149817
142.76504517,0.00185103
142.78888702,0.00191217
142.81272888,0.00162562
142.83657074,0.00082303
142.86041260,0.00049983
142.88425446,0.00087079
142.90809631,0.00091039
142.93193817,0.00108629
142.95578003,0.00564196
142.97962189,0.00907661
143.00346375,0.00973165
143.02730560,0.00937633
143.05114746,0.00607107
143.07498932,0.00159072
143.09883118,0.00025248
143.12267303,0.00095898
143.14651489,0.00133488
143.17035675,0.00173539
143.19419861,0.00219140
143.21804047,0.00177661
143.24188232,0.00139963
143.26572418,0.00150412
143.28956604,0.00110409
143.31340790,0.00025771
143.33724976,0.00114712
143.36109161,0.00239700
143.38493347,0.00287365
143.40877533,0.00303198
143.43261719,0.00243428
143.45645905,0.00124738
143.48030090,0.00098945
143.50414276,0.00135915
143.52798462,0.00150738
143.55182648,0.00263614
143.57566833,0.00504333
143.59951019,0.00599608
143.62335205,0.00578785
143.64719391,0.00538054
143.67103577,0.00323328
143.69487762,0.00067429
143.71871948,0.00071129
143.74256134,0.00146500
143.76640320,0.00169117
143.79024506,0.00201686
143.81408691,0.00204459
143.83792877,0.00131876
143.86177063,0.00115827
143.88561249,0.00153340
143.90945435,0.00119122
143.93329620,0.00149738
143.95713806,0.00703956
143.98097992,0.01083180
144.00482178,0.01145841
144.02866364,0.01115561
144.05250549,0.00739339
144.07634735,0.00247187
144.10018921,0.00123029
144.12403107,0.00172589
144.14787292,0.00195359
144.17171478,0.00249599
144.19555664,0.00318047
144.21939850,0.00300971
144.24324036,0.00269481
144.26708221,0.00244495
144.29092407,0.00152699
144.31476593,0.00045327
144.33860779,0.00179532
144.36244965,0.00311249
144.38629150,0.00352756
144.41013336,0.00384189
144.43397522,0.00313116
144.45781708,0.00165136
144.48165894,0.00120045
144.50550079,0.00126519
144.52934265,0.00123807
144.55318451,0.00275168
144.57702637,0.00577915
144.60086823,0.00702319
144.62471008,0.00683667
144.64855194,0.00623553
144.67239380,0.00351170
144.69623566,0.00091367
144.72007751,0.00173686
144.74391937,0.00245755
144.76776123,0.00257665
144.79160309,0.00279229
144.81544495,0.00259040
144.83928680,0.00165560
144.86312866,0.00124265
144.88697052,0.00107121
144.91081238,0.00034691
144.93465424,0.00268159
144.95849609,0.00825325
144.98233795,0.01162042
145.00617981,0.01204184
145.03002167,0.01174285
145.05386353,0.00785206
145.07770538,0.00286508
145.10154724,0.00129612
145.12538910,0.00119537
145.14923096,0.00099269
145.17307281,0.00148044
145.19691467,0.00234436
145.22075653,0.00241456
145.24459839,0.00236674
145.26844025,0.00216432
145.29228210,0.00108068
145.31612396,0.00033896
145.33996582,0.00179214
145.36380768,0.00266666
145.38764954,0.00282491
145.41149139,0.00306139
145.43533325,0.00245906
145.45917511,0.00123030
145.48301697,0.00088506
145.50685883,0.00072251
145.53070068,0.00045815
145.55454254,0.00217805
145.57838440,0.00541898
145.60222626,0.00680534
145.62606812,0.00682314
145.64990997,0.00618640
145.67375183,0.00343878
145.69759369,0.00074167
145.72143555,0.00064827
145.74527740,0.00106502
145.76911926,0.00127761
145.79296112,0.00206473
145.81680298,0.00265516
145.84064484,0.00235223
145.86448669,0.00211088
145.88832855,0.00174186
145.91217041,0.00062169
145.93601227,0.00288846
145.95985413,0.00820457
145.98369598,0.01104205
146.00753784,0.01124825
146.03137970,0.01075542
146.05522156,0.00676813
146.07906342,0.00210488
146.10290527,0.00083816
146.12674713,0.00078185
146.15058899,0.00070344
146.17443085,0.00153273
146.19827271,0.00257936
146.22211456,0.00265232
146.24595642,0.00252209
146.26979828,0.00217016
146.29364014,0.00103191
146.31748199,0.00037312
146.34132385,0.00144086
146.36516571,0.00213634
146.38900757,0.00236982
146.41284943,0.00284198
146.43669128,0.00263379
146.46053314,0.00177808
146.48437500,0.00143452
146.50821686,0.00130662
146.53205872,0.00125562
146.55590057,0.00291568
146.57974243,0.00595086
146.60358429,0.00715077
146.62742615,0.00693408
146.65126801,0.00587178
146.67510986,0.00282551
146.69895172,0.00013278
146.72279358,0.00105626
146.74663544,0.00136090
146.77047729,0.00140472
146.79431915,0.00201680
146.81816101,0.00261851
146.84200287,0.00250516
146.86584473,0.00216551
146.88968658,0.00148795
146.91352844,0.00022495
146.93737030,0.00274147
146.96121216,0.00727531
146.98505402,0.00957145
147.00889587,0.00983263
147.03273773,0.00957672
147.05657959,0.00630349
147.08042145,0.00237556
147.10426331,0.00110303
147.12810516,0.00083349
147.15194702,0.00067755
147.17578888,0.00149761
147.19963074,0.00273374
147.22347260,0.00302610
147.24731445,0.00266557
147.27115631,0.00175032
147.29499817,0.00037115
147.31884003,0.00127625
147.34268188,0.00223561
147.36652374,0.00251286
147.39036560,0.00242896
147.41420746,0.00275186
147.43804932,0.00249074
147.46189117,0.00154870
147.48573303,0.00099208
147.50957489,0.00055932
147.53341675,0.00040137
147.55725861,0.00124909
147.58110046,0.00409486
147.60494232,0.00543816
147.62878418,0.00549462
147.65262604,0.00451865
147.67646790,0.00180111
147.70030975,0.00053760
147.72415161,0.00114347
147.74799347,0.00087078
147.77183533,0.00059271
147.79567719,0.00109183
147.81951904,0.00159517
147.84336090,0.00145856
147.86720276,0.00113097
147.89104462,0.00060644
147.91488647,0.00098058
147.93872833,0.00312726
147.96257019,0.00622575
147.98641205,0.00733745
148.01025391,0.00721281
148.03409576,0.00696229
148.05793762,0.00444892
148.08177948,0.00164186
148.10562134,0.00074523
148.12946320,0.00029196
148.15330505,0.00025474
148.17714691,0.00101952
148.20098877,0.00217491
148.22483063,0.00247729
148.24867249,0.00220086
148.27251434,0.00135201
148.29635620,0.00016751
148.32019806,0.00090500
148.34403992,0.00114600
148.36788177,0.00082442
148.39172363,0.00058829
148.41556549,0.00097426
148.43940735,0.00120097
148.46324921,0.00105594
148.48709106,0.00087463
148.51093292,0.00041637
148.53477478,0.00009160
148.55861664,0.00145437
148.58245850,0.00348823
148.60630035,0.00436873
148.63014221,0.00427336
148.65398407,0.00313386
148.67782593,0.00092313
148.70166779,0.00066917
148.72550964,0.00087823
148.74935150,0.00050997
148.77319336,0.00015987
148.79703522,0.00056853
148.82087708,0.00122347
148.84471893,0.00141926
148.86856079,0.00127180
148.89240265,0.00090752
148.91624451,0.00105800
148.94008636,0.00224520
148.96392822,0.00372398
148.98777008,0.00396233
149.01161194,0.00392113
149.03545380,0.00400739
149.05929565,0.00283913
149.08313751,0.00160724
149.10697937,0.00110179
149.13082123,0.00049188
149.15466309,0.00010029
149.17850494,0.00050351
149.20234680,0.00134568
149.22618866,0.00171370
149.25003052,0.00151807
149.27387238,0.00090376
149.29771423,0.00069914
149.32155609,0.00109148
149.34539795,0.00110244
149.36923981,0.00079844
149.39308167,0.00065239
149.41692352,0.00097311
149.44076538,0.00133788
149.46460724,0.00132768
149.48844910,0.00095270
149.51229095,0.00039239
149.53613281,0.00016257
149.55997467,0.00059780
149.58381653,0.00180508
149.60765839,0.00241458
149.63150024,0.00231529
149.65534210,0.00161595
149.67918396,0.00078477
149.70302582,0.00072918
149.72686768,0.00036927
149.75070953,0.00034594
149.77455139,0.00055151
149.79839325,0.00012263
149.82223511,0.00051358
149.84607697,0.00070875
149.86991882,0.00034938
149.89376068,0.00041722
149.91760254,0.00104321
149.94144440,0.00117485
149.96528625,0.00079865
149.98912811,0.00022021
150.01296997,0.00040906
150.03681183,0.00088956
150.06065369,0.00117745
150.08449554,0.00101733
150.10833740,0.00055846
150.13217926,0.00067430
150.15602112,0.00098992
150.17986298,0.00069777
150.20370483,0.00029451
150.22754669,0.00067771
150.25138855,0.00072496
150.27523041,0.00033601
150.29907227,0.00044545
150.32291412,0.00048957
150.34675598,0.00048653
150.37059784,0.00087719
150.39443970,0.00084228
150.41828156,0.00038089
150.44212341,0.00060627
150.46596527,0.00089234
150.48980713,0.00057193
150.51364899,0.00032390
150.53749084,0.00089400
150.56133270,0.00106223
150.58517456,0.00080491
150.60901642,0.00038623
150.63285828,0.00014401
150.65670013,0.00045082
150.68054199,0.00070159
150.70438385,0.00055812
150.72822571,0.00028785
150.75206757,0.00089488
150.77590942,0.00114928
150.79975128,0.00089082
150.82359314,0.00026388
150.84743500,0.00062861
150.87127686,0.00048520
150.89511871,0.00028633
150.91896057,0.00047320
150.94280243,0.00068568
150.96664429,0.00241113
150.99048615,0.00338812
151.01432800,0.00351058
151.03816986,0.00277268
151.06201172,0.00104836
151.08585358,0.00053612
151.10969543,0.00030303
151.13353729,0.00040162
151.15737915,0.00077649
151.18122101,0.00088021
151.20506287,0.00056006
151.22890472,0.00048890
151.25274658,0.00082468
151.27658844,0.00116799
151.30043030,0.00114607
151.32427216,0.00065700
151.34811401,0.00063846
151.37195587,0.00148230
151.39579773,0.00171244
151.41963959,0.00134409
151.44348145,0.00045247
151.46732330,0.00026261
151.49116516,0.00043453
151.51500702,0.00095365
151.53884888,0.00146121
151.56269073,0.00236537
151.58653259,0.00301852
151.61037445,0.00271143
151.63421631,0.00262837
151.65805817,0.00256504
151.68190002,0.00171278
151.70574188,0.00070743
151.72958374,0.00046944
151.75342560,0.00136777
151.77726746,0.00177108
151.80110931,0.00174403
151.82495117,0.00106515
151.84879303,0.00039490
151.87263489,0.00069794
151.89647675,0.00120402
151.92031860,0.00097921
151.94416046,0.00142874
151.96800232,0.00469102
151.99184418,0.00620003
152.01568604,0.00641429
152.03952789,0.00532206
152.06336975,0.00231426
152.08721161,0.00033258
152.11105347,0.00092385
152.13489532,0.00160944
152.15873718,0.00195870
152.18257904,0.00221804
152.20642090,0.00193368
152.23026276,0.00132079
152.25410461,0.00129473
152.27794647,0.00127807
152.30178833,0.00073339
152.32563019,0.00039756
152.34947205,0.00193308
152.37331390,0.00273716
152.39715576,0.00272912
152.42099762,0.00211637
152.44483948,0.00071434
152.46868134,0.00019635
152.49252319,0.00049335
152.51636505,0.00104056
152.54020691,0.00165879
152.56404877,0.00334178
152.58789063,0.00473878
152.61173248,0.00453785
152.63557434,0.00434353
152.65941620,0.00363900
152.68325806,0.00173913
152.70709991,0.00029540
152.73094177,0.00067088
152.75478363,0.00123416
152.77862549,0.00148366
152.80246735,0.00158147
152.82630920,0.00107826
152.85015106,0.00063994
152.87399292,0.00095055
152.89783478,0.00123738
152.92167664,0.00053043
152.94551849,0.00296784
152.96936035,0.00733272
152.99320221,0.00891461
153.01704407,0.00897500
153.04088593,0.00734350
153.06472778,0.00303512
153.08856964,0.00041830
153.11241150,0.00077744
153.13625336,0.00133269
153.16009521,0.00165703
153.18393707,0.00219267
153.20777893,0.00223318
153.23162079,0.00182078
153.25546265,0.00182755
153.27930450,0.00163352
153.30314636,0.00091579
153.32698822,0.00107633
153.35083008,0.00253586
153.37467194,0.00331148
153.39851379,0.00343696
153.42235565,0.00300852
153.44619751,0.00155992
153.47003937,0.00063574
153.49388123,0.00085334
153.51772308,0.00105177
153.54156494,0.00157380
153.56540680,0.00369656
153.58924866,0.00558060
153.61309052,0.00558204
153.63693237,0.00552909
153.66077423,0.00452290
153.68461609,0.00194987
153.70845795,0.00070339
153.73229980,0.00151478
153.75614166,0.00197988
153.77998352,0.00229752
153.80382538,0.00270565
153.82766724,0.00228918
153.85150909,0.00163381
153.87535095,0.00158768
153.89919281,0.00129618
153.92303467,0.00028246
153.94687653,0.00432923
153.97071838,0.00913601
153.99456024,0.01072481
154.01840210,0.01092030
154.04224396,0.00910203
154.06608582,0.00421768
154.08992767,0.00115908
154.11376953,0.00102682
154.13761139,0.00139433
154.16145325,0.00184512
154.18529510,0.00269012
154.20913696,0.00284762
154.23297882,0.00240979
154.25682068,0.00237222
154.28066254,0.00204274
154.30450439,0.00107712
154.32834625,0.00062851
154.35218811,0.00220897
154.37602997,0.00301391
154.39987183,0.00339527
154.42371368,0.00324945
154.44755554,0.00201655
154.47139740,0.00109602
154.49523926,0.00114370
154.51908112,0.00129694
154.54292297,0.00208463
154.56676483,0.00489472
154.59060669,0.00724888
154.61444855,0.00732422
154.63829041,0.00695301
154.66213226,0.00508225
154.68597412,0.00182044
154.70981598,0.00080562
154.73365784,0.00174537
154.75749969,0.00209217
154.78134155,0.00230437
154.80518341,0.00262641
154.82902527,0.00216021
154.85286713,0.00150049
154.87670898,0.00143132
154.90055084,0.00113559
154.92439270,0.00086442
154.94823456,0.00520301
154.97207642,0.00996833
154.99591827,0.01136752
155.01976013,0.01153630
155.04360199,0.00941181
155.06744385,0.00429553
155.09128571,0.00141126
155.11512756,0.00132455
155.13896942,0.00135549
155.16281128,0.00167161
155.18665314,0.00264731
155.21049500,0.00300075
155.23433685,0.00272352
155.25817871,0.00259150
155.28202057,0.00175716
155.30586243,0.00046655
155.32970428,0.00102738
155.35354614,0.00246170
155.37738800,0.00302966
155.40122986,0.00331724
155.42507172,0.00327482
155.44891357,0.00214276
155.47275543,0.00130171
155.49659729,0.00131061
155.52043915,0.00120426
155.54428101,0.00171977
155.56812286,0.00465659
155.59196472,0.00713205
155.61580658,0.00742417
155.63964844,0.00721494
155.66349030,0.00519798
155.68733215,0.00186535
155.71117401,0.00037845
155.73501587,0.00088351
155.75885773,0.00100133
155.78269958,0.00130967
155.80654144,0.00200495
155.83038330,0.00200265
155.85422516,0.00171999
155.87806702,0.00157264
155.90190887,0.00096735
155.92575073,0.00132540
155.94959259,0.00571192
155.97343445,0.00993208
155.99727631,0.01079851
156.02111816,0.01096809
156.04496002,0.00911205
156.06880188,0.00435306
156.09264374,0.00171189
156.11648560,0.00147325
156.14032745,0.00113506
156.16416931,0.00131401
156.18801117,0.00259504
156.21185303,0.00334750
156.23569489,0.00319877
156.25953674,0.00288202
156.28337860,0.00183338
156.30722046,0.00043983
156.33106232,0.00114280
156.35490417,0.00219027
156.37874603,0.00251801
156.40258789,0.00289793
156.42642975,0.00309645
156.45027161,0.00222459
156.47411346,0.00140582
156.49795532,0.00102883
156.52179718,0.00051284
156.54563904,0.00124689
156.56948090,0.00441806
156.59332275,0.00700847
156.61716461,0.00738304
156.64100647,0.00704508
156.66484833,0.00470241
156.68869019,0.00120934
156.71253204,0.00088666
156.73637390,0.00141630
156.76021576,0.00143376
156.78405762,0.00173063
156.80789948,0.00237374
156.83174133,0.00235027
156.85558319,0.00195632
156.87942505,0.00157190
156.90326691,0.00081682
156.92710876,0.00164973
156.95095062,0.00541722
156.97479248,0.00866581
156.99863434,0.00918424
157.02247620,0.00932841
157.04631805,0.00768401
157.07015991,0.00384545
157.09400177,0.00184913
157.11784363,0.00147835
157.14168549,0.00110313
157.16552734,0.00117649
157.18936920,0.00199145
157.21321106,0.00235123
157.23705292,0.00220205
157.26089478,0.00199705
157.28473663,0.00118242
157.30857849,0.00074978
157.33242035,0.00153541
157.35626221,0.00214525
157.38010406,0.00212384
157.40394592,0.00241492
157.42778778,0.00280250
157.45162964,0.00230772
157.47547150,0.00178379
157.49931335,0.00142731
157.52315521,0.00065581
157.54699707,0.00100076
157.57083893,0.00350614
157.59468079,0.00555394
157.61852264,0.00578388
157.64236450,0.00529747
157.66620636,0.00322189
157.69004822,0.00065729
157.71389008,0.00100755
157.73773193,0.00092333
157.76157379,0.00058950
157.78541565,0.00090175
157.80925751,0.00180766
157.83309937,0.00214316
157.85694122,0.00197163
157.88078308,0.00140565
157.90462494,0.00037496
157.92846680,0.00167376
157.95230865,0.00445234
157.97615051,0.00652636
157.99999237,0.00663428
158.02383423,0.00677721
158.04767609,0.00566628
158.07151794,0.00280249
158.09535980,0.00123207
158.11920166,0.00080831
158.14304352,0.00024691
158.16688538,0.00028701
158.19072723,0.00136571
158.21456909,0.00207989
158.23841095,0.00213023
158.26225281,0.00175394
158.28609467,0.00073933
158.30993652,0.00051028
158.33377838,0.00112129
158.35762024,0.00124626
158.38146210,0.00105885
158.40530396,0.00140076
158.42914581,0.00187771
158.45298767,0.00174732
158.47682953,0.00141915
158.50067139,0.00099442
158.52451324,0.00045517
158.54835510,0.00059310
158.57219696,0.00269789
158.59603882,0.00430037
158.61988068,0.00455023
158.64372253,0.00399746
158.66756439,0.00215386
158.69140625,0.00013898
158.71524811,0.00063629
158.73908997,0.00054957
158.76293182,0.00035059
158.78677368,0.00050072
158.81061554,0.00111853
158.83445740,0.00141355
158.85829926,0.00123820
158.88214111,0.00072681
158.90598297,0.00015829
158.92982483,0.00113343
158.95366669,0.00267027
158.97750854,0.00362506
159.00135040,0.00359485
159.02519226,0.00387378
159.04903412,0.00347669
159.07287598,0.00207403
159.09671783,0.00119869
159.12055969,0.00065583
159.14440155,0.00030291
159.16824341,0.00054784
159.19208527,0.00130181
159.21592712,0.00191605
159.23976898,0.00179111
159.26361084,0.00110544
159.28745270,0.00055887
159.31129456,0.00101817
159.33513641,0.00102523
159.35897827,0.00054970
159.38282013,0.00024601
159.40666199,0.00014902
159.43050385,0.00079310
159.45434570,0.00107069
159.47818756,0.00093924
159.50202942,0.00054460
159.52587128,0.00004085
159.54971313,0.00041581
159.57355499,0.00150175
159.59739685,0.00244172
159.62123871,0.00255056
159.64508057,0.00201330
159.66892242,0.00080983
159.69276428,0.00101646
159.71660614,0.00119520
159.74044800,0.00070854
159.76428986,0.00016986
159.78813171,0.00025544
159.81197357,0.00073144
159.83581543,0.00110409
159.85965729,0.00103191
159.88349915,0.00047476
159.90734100,0.00034970
159.93118286,0.00080795
159.95502472,0.00081826
159.97886658,0.00046069
160.00270844,0.00038498
160.02655029,0.00014999
160.05039215,0.00041146
160.07423401,0.00061259
160.09807587,0.00034311
160.12191772,0.00038398
160.14575958,0.00089758
160.16960144,0.00094438
160.19344330,0.00057491
160.21728516,0.00072160
160.24112701,0.00083680
160.26496887,0.00034647
160.28881073,0.00034061
160.31265259,0.00064191
160.33649445,0.00054057
160.36033630,0.00071231
160.38417816,0.00101241
160.40802002,0.00078697
160.43186188,0.00014315
160.45570374,0.00055317
160.47954559,0.00062112
160.50338745,0.00010074
160.52722931,0.00046688
160.55107117,0.00069352
160.57491302,0.00063961
160.59875488,0.00023501
160.62259674,0.00006990
160.64643860,0.00029197
160.67028046,0.00065603
160.69412231,0.00066798
160.71796417,0.00058709
160.74180603,0.00114777
160.76564789,0.00152405
160.78948975,0.00138847
160.81333160,0.00078918
160.83717346,0.00009285
160.86101532,0.00019694
160.88485718,0.00051938
160.90869904,0.00086951
160.93254089,0.00032813
160.95638275,0.00142152
160.98022461,0.00292843
161.00406647,0.00325263
161.02790833,0.00281737
161.05175018,0.00146594
161.07559204,0.00034269
161.09943390,0.00026721
161.12327576,0.00089243
161.14711761,0.00149586
161.17095947,0.00150354
161.19480133,0.00095205
161.21864319,0.00014677
161.24248505,0.00031187
161.26632690,0.00050764
161.29016876,0.00073829
161.31401062,0.00051115
161.33785248,0.00054980
161.36169434,0.00146428
161.38553619,0.00182254
161.40937805,0.00151043
161.43321991,0.00063019
161.45706177,0.00041340
161.48090363,0.00043678
161.50474548,0.00038584
161.52858734,0.00097909
161.55242920,0.00157587
161.57627106,0.00236827
161.60011292,0.00240831
161.62395477,0.00228302
161.64779663,0.00250457
161.67163849,0.00192640
161.69548035,0.00088013
161.71932220,0.00027429
161.74316406,0.00083624
161.76700592,0.00123138
161.79084778,0.00131568
161.81468964,0.00096637
161.83853149,0.00047335
161.86237335,0.00061811
161.88621521,0.00105787
161.91005707,0.00101870
161.93389893,0.00074634
161.95774078,0.00386969
161.98158264,0.00619105
162.00542450,0.00659261
162.02926636,0.00600621
162.05310822,0.00344809
162.07695007,0.00052519
162.10079193,0.00043898
162.12463379,0.00072469
162.14847565,0.00099241
162.17231750,0.00133117
162.19615936,0.00139869
162.22000122,0.00091800
162.24384308,0.00079307
162.26768494,0.00111113
162.29152679,0.00108751
162.31536865,0.00051495
162.33921051,0.00092086
162.36305237,0.00219751
162.38689423,0.00260884
162.41073608,0.00252585
162.43457794,0.00160287
162.45841980,0.00038713
162.48226166,0.00011044
162.50610352,0.00076603
162.52994537,0.00135459
162.55378723,0.00248309
162.57762909,0.00428293
162.60147095,0.00479243
162.62531281,0.00459898
162.64915466,0.00453087
162.67299652,0.00311215
162.69683838,0.00121146
162.72068024,0.00056193
162.74452209,0.00132205
162.76836395,0.00172689
162.79220581,0.00187730
162.81604767,0.00156218
162.83988953,0.00082430
162.86373138,0.00077465
162.88757324,0.00122975
162.91141510,0.00111611
162.93525696,0.00092009
162.95909882,0.00518399
162.98294067,0.00815465
163.00678253,0.00871884
163.03062439,0.00809515
163.05446625,0.00474436
163.07830811,0.00089363
163.10214996,0.00036947
163.12599182,0.00084153
163.14983368,0.00134457
163.17367554,0.00199950
163.19751740,0.00247351
163.22135925,0.00215305
163.24520111,0.00194677
163.26904297,0.00199201
163.29288483,0.00153425
163.31672668,0.00050560
163.34056854,0.00130049
163.36441040,0.00269532
163.38825226,0.00312067
163.41209412,0.00319291
163.43593597,0.00231279
163.45977783,0.00086394
163.48361969,0.00053708
163.50746155,0.00091456
163.53130341,0.00122628
163.55514526,0.00288239
163.57898712,0.00567013
163.60282898,0.00668302
163.62667084,0.00661869
163.65051270,0.00619273
163.67435455,0.00374616
163.69819641,0.00102626
163.72203827,0.00044323
163.74588013,0.00133470
163.76972198,0.00185326
163.79356384,0.00239778
163.81740570,0.00237197
163.84124756,0.00157511
163.86508942,0.00107903
163.88893127,0.00081353
163.91277313,0.00009333
163.93661499,0.00251218
163.96045685,0.00721495
163.98429871,0.00998098
164.00814056,0.01042455
164.03198242,0.01006039
164.05582428,0.00649251
164.07966614,0.00233303
164.10350800,0.00134878
164.12734985,0.00170477
164.15119171,0.00190906
164.17503357,0.00257221
164.19887543,0.00331343
164.22271729,0.00302483
164.24655914,0.00266868
164.27040100,0.00243566
164.29424286,0.00146692
164.31808472,0.00014426
164.34192657,0.00145218
164.36576843,0.00256764
164.38961029,0.00300730
164.41345215,0.00342365
164.43729401,0.00285149
164.46113586,0.00171078
164.48497772,0.00139108
164.50881958,0.00136200
164.53266144,0.00144373
164.55650330,0.00336648
164.58034515,0.00656346
164.60418701,0.00761312
164.62802887,0.00749141
164.65187073,0.00671755
164.67571259,0.00363814
164.69955444,0.00078769
164.72339630,0.00095016
164.74723816,0.00153242
164.77108002,0.00171495
164.79492188,0.00209552
164.81876373,0.00203226
164.84260559,0.00139720
164.86644745,0.00128360
164.89028931,0.00128306
164.91413116,0.00061051
164.93797302,0.00237827
164.96181488,0.00747629
164.98565674,0.01023325
165.00949860,0.01062750
165.03334045,0.01021911
165.05718231,0.00641787
165.08102417,0.00224696
165.10486603,0.00134911
165.12870789,0.00142180
165.15254974,0.00134734
165.17639160,0.00211704
165.20023346,0.00301208
165.22407532,0.00291704
165.24791718,0.00271935
165.27175903,0.00218600
165.29560089,0.00085820
165.31944275,0.00075789
165.34328461,0.00204681
165.36712646,0.00278630
165.39096832,0.00298517
165.41481018,0.00321664
165.43865204,0.00259746
165.46249390,0.00153513
165.48633575,0.00119124
165.51017761,0.00101420
165.53401947,0.00107932
165.55786133,0.00331405
165.58170319,0.00669972
165.60554504,0.00769264
165.62938690,0.00752182
165.65322876,0.00658301
165.67707062,0.00330860
165.70091248,0.00063438
165.72475433,0.00132128
165.74859619,0.00175874
165.77243805,0.00177791
165.79627991,0.00221685
165.82012177,0.00230727
165.84396362,0.00171042
165.86780548,0.00143241
165.89164734,0.00104742
165.91548920,0.00035272
165.93933105,0.00343152
165.96317291,0.00810510
165.98701477,0.01010813
166.01085663,0.01024088
166.03469849,0.00960530
166.05854034,0.00565956
166.08238220,0.00182386
166.10622406,0.00108734
166.13006592,0.00097878
166.15390778,0.00085082
166.17774963,0.00167057
166.20159149,0.00269285
166.22543335,0.00272292
166.24927521,0.00251941
166.27311707,0.00199990
166.29695892,0.00103338
166.32080078,0.00130986
166.34464264,0.00232093
166.36848450,0.00265638
166.39232635,0.00259066
166.41616821,0.00278756
166.44001007,0.00227286
166.46385193,0.00134107
166.48769379,0.00107732
166.51153564,0.00081846
166.53537750,0.00082661
166.55921936,0.00329640
166.58306122,0.00671904
166.60690308,0.00782028
166.63074493,0.00765353
166.65458679,0.00618337
166.67842865,0.00253874
166.70227051,0.00031333
166.72611237,0.00109548
166.74995422,0.00096303
166.77379608,0.00070111
166.79763794,0.00127200
166.82147980,0.00180947
166.84532166,0.00173016
166.86916351,0.00158331
166.89300537,0.00108707
166.91684723,0.00080057
166.94068909,0.00335175
166.96453094,0.00706278
166.98837280,0.00839937
167.01221466,0.00842739
167.03605652,0.00796414
167.05989838,0.00482754
167.08374023,0.00183841
167.10758209,0.00117264
167.13142395,0.00086111
167.15526581,0.00083644
167.17910767,0.00171911
167.20294952,0.00271279
167.22679138,0.00284977
167.25063324,0.00264529
167.27447510,0.00189099
167.29831696,0.00063452
167.32215881,0.00095479
167.34600067,0.00167437
167.36984253,0.00179922
167.39368439,0.00182080
167.41752625,0.00222273
167.44136810,0.00197660
167.46520996,0.00130118
167.48905182,0.00102387
167.51289368,0.00065907
167.53673553,0.00062284
167.56057739,0.00272224
167.58441925,0.00560680
167.60826111,0.00646442
167.63210297,0.00617005
167.65594482,0.00471894
167.67978668,0.00165485
167.70362854,0.00053469
167.72747040,0.00096144
167.75131226,0.00093986
167.77515411,0.00106057
167.79899597,0.00168303
167.82283783,0.00207702
167.84667969,0.00172690
167.87052155,0.00118307
167.89436340,0.00046416
167.91820526,0.00069847
167.94204712,0.00262813
167.96588898,0.00521317
167.98973083,0.00602368
168.01357269,0.00621716
168.03741455,0.00616023
168.06125641,0.00394894
168.08509827,0.00172648
168.10894012,0.00091731
168.13278198,0.00029386
168.15662384,0.00004954
168.18046570,0.00085807
168.20430756,0.00203728
168.22814941,0.00237051
168.25199127,0.00210098
168.27583313,0.00120197
168.29967499,0.00056027
168.32351685,0.00142400
168.34735870,0.00183567
168.37120056,0.00160217
168.39504242,0.00152340
168.41888428,0.00197647
168.44272614,0.00205342
168.46656799,0.00172547
168.49040985,0.00139336
168.51425171,0.00080129
168.53809357,0.00042576
168.56193542,0.00172985
168.58577728,0.00384066
168.60961914,0.00464748
168.63346100,0.00456148
168.65730286,0.00335304
168.68114471,0.00110933
168.70498657,0.00051438
168.72882843,0.00056846
168.75267029,0.00016677
168.77651215,0.00011832
168.80035400,0.00073487
168.82419586,0.00141450
168.84803772,0.00160387
168.87187958,0.00134489
168.89572144,0.00068651
168.91956329,0.00077227
168.94340515,0.00208314
168.96724701,0.00339687
168.99108887,0.00347157
169.01493073,0.00338505
169.03877258,0.00339571
169.06261444,0.00232069
169.08645630,0.00125279
169.11029816,0.00075912
169.13414001,0.00037639
169.15798187,0.00040168
169.18182373,0.00041899
169.20566559,0.00126014
169.22950745,0.00170493
169.25334930,0.00156367
169.27719116,0.00089635
169.30103302,0.00051306
169.32487488,0.00098594
169.34871674,0.00099911
169.37255859,0.00068714
169.39640045,0.00062470
169.42024231,0.00094620
169.44408417,0.00117407
169.46792603,0.00105948
169.49176788,0.00075097
169.51560974,0.00062089
169.53945160,0.00078826
169.56329346,0.00038059
169.58713531,0.00129698
169.61097717,0.00183372
169.63481903,0.00181966
169.65866089,0.00122165
169.68250275,0.00069825
169.70634460,0.00103386
169.73018646,0.00080633
169.75402832,0.00039006
169.77787018,0.00030266
169.80171204,0.00060621
169.82555389,0.00121171
169.84939575,0.00144595
169.87323761,0.00115105
169.89707947,0.00056519
169.92092133,0.00042285
169.94476318,0.00067884
169.96860504,0.00062452
169.99244690,0.00041353
170.01628876,0.00040045
170.04013062,0.00097955
170.06397247,0.00143555
170.08781433,0.00137067
170.11165619,0.00091448
170.13549805,0.00071205
170.15933990,0.00090090
170.18318176,0.00073093
170.20702362,0.00039589
170.23086548,0.00053613
170.25470734,0.00023662
170.27854919,0.00062120
170.30239105,0.00121347
170.32623291,0.00123075
170.35007477,0.00092386
170.37391663,0.00089547
170.39775848,0.00066113
170.42160034,0.00038743
170.44544220,0.00073066
170.46928406,0.00076714
170.49312592,0.00017990
170.51696777,0.00078827
170.54080963,0.00124864
170.56465149,0.00118695
170.58849335,0.00072059
170.61233521,0.00030266
170.63617706,0.00057123
170.66001892,0.00108643
170.68386078,0.00112786
170.70770264,0.00068553
170.73154449,0.00022652
170.75538635,0.00084914
170.77922821,0.00100148
170.80307007,0.00066291
170.82691193,0.00055203
170.85075378,0.00070185
170.87459564,0.00029687
170.89843750,0.00059717
170.92227936,0.00076204
170.94612122,0.00086877
170.96996307,0.00249016
170.99380493,0.00330028
171.01764679,0.00320005
171.04148865,0.00223257
171.06533051,0.00062904
171.08917236,0.00046821
171.11301422,0.00027782
171.13685608,0.00075586
171.16069794,0.00097571
171.18453979,0.00089425
171.20838165,0.00040775
171.23222351,0.00004251
171.25606537,0.00049054
171.27990723,0.00107126
171.30374908,0.00111901
171.32759094,0.00052719
171.35143280,0.00093111
171.37527466,0.00162601
171.39911652,0.00180248
171.42295837,0.00134748
171.44680023,0.00035303
171.47064209,0.00028937
171.49448395,0.00056022
171.51832581,0.00099716
171.54216766,0.00131667
171.56600952,0.00216068
171.58985138,0.00269995
171.61369324,0.00243743
171.63753510,0.00265542
171.66137695,0.00264632
171.68521881,0.00173545
171.70906067,0.00085872
171.73290253,0.00086911
171.75674438,0.00158350
171.78058624,0.00189930
171.80442810,0.00183267
171.82826996,0.00124529
171.85211182,0.00071544
171.87595367,0.00070721
171.89979553,0.00099925
171.92363739,0.00060751
171.94747925,0.00179666
171.97132111,0.00470885
171.99516296,0.00591927
172.01900482,0.00600003
172.04284668,0.00463794
172.06668854,0.00183794
172.09053040,0.00043099
172.11437225,0.00050588
172.13821411,0.00102788
172.16205597,0.00147213
172.18589783,0.00177405
172.20973969,0.00142171
172.23358154,0.00086747
172.25742340,0.00084421
172.28126526,0.00080738
172.30510712,0.00035989
172.32894897,0.00060672
172.35279083,0.00179808
172.37663269,0.00236990
172.40047455,0.00242179
172.42431641,0.00197897
172.44815826,0.00088822
172.47200012,0.00013352
172.49584198,0.00043249
172.51968384,0.00092906
172.54352570,0.00165369
172.56736755,0.00342392
172.59120941,0.00478543
172.61505127,0.00483495
172.63889313,0.00499446
172.66273499,0.00435699
172.68657684,0.00240386
172.71041870,0.00076559
172.73426056,0.00079960
172.75810242,0.00144759
172.78194427,0.00191952
172.80578613,0.00207351
172.82962799,0.00142900
172.85346985,0.00102907
172.87731171,0.00130655
172.90115356,0.00143516
172.92499542,0.00069281
172.94883728,0.00297260
172.97267914,0.00660470
172.99652100,0.00774726
173.02036285,0.00777802
173.04420471,0.00609627
173.06804657,0.00231561
173.09188843,0.00033308
173.11573029,0.00080314
173.13957214,0.00125243
173.16341400,0.00162352
173.18725586,0.00220843
173.21109772,0.00218082
173.23493958,0.00179164
173.25878143,0.00167640
173.28262329,0.00127257
173.30646515,0.00045380
173.33030701,0.00098704
173.35414886,0.00242724
173.37799072,0.00311515
173.40183258,0.00346542
173.42567444,0.00319164
173.44951630,0.00173170
173.47335815,0.00066958
173.49720001,0.00083704
173.52104187,0.00110414
173.54488373,0.00201362
173.56872559,0.00467692
173.59256744,0.00653923
173.61640930,0.00641644
173.64025116,0.00631668
173.66409302,0.00481126
173.68793488,0.00182351
173.71177673,0.00022337
173.73561859,0.00143461
173.75946045,0.00209044
173.78330231,0.00244445
173.80714417,0.00261444
173.83098602,0.00194574
173.85482788,0.00130211
173.87866974,0.00130599
173.90251160,0.00113364
173.92635345,0.00040246
173.95019531,0.00441899
173.97403717,0.00849157
173.99787903,0.00959694
174.02172089,0.00973693
174.04556274,0.00775326
174.06940460,0.00335093
174.09324646,0.00098803
174.11708832,0.00099473
174.14093018,0.00110792
174.16477203,0.00133040
174.18861389,0.00214902
174.21245575,0.00241983
174.23629761,0.00221676
174.26013947,0.00224267
174.28398132,0.00162201
174.30782318,0.00044375
174.33166504,0.00141298
174.35550690,0.00276664
174.37934875,0.00324801
174.40319061,0.00343169
174.42703247,0.00312823
174.45087433,0.00189720
174.47471619,0.00125416
174.49855804,0.00149202
174.52239990,0.00151528
174.54624176,0.00244345
174.57008362,0.00579164
174.59392548,0.00820568
174.61776733,0.00820846
174.64160919,0.00781478
174.66545105,0.00547269
174.68929291,0.00176923
174.71313477,0.00056728
174.73697662,0.00169449
174.76081848,0.00211031
174.78466034,0.00238275
174.80850220,0.00266295
174.83234406,0.00193914
174.85618591,0.00114221
174.88002777,0.00110617
174.90386963,0.00080837
174.92771149,0.00100945
174.95155334,0.00525940
174.97539520,0.00925669
174.99923706,0.01021276
175.02307892,0.01031802
175.04692078,0.00807284
175.07076263,0.00344419
175.09460449,0.00123746
175.11844635,0.00142658
175.14228821,0.00160029
175.16613007,0.00203966
175.18997192,0.00305344
175.21381378,0.00325484
175.23765564,0.00290557
175.26149750,0.00266201
175.28533936,0.00162692
175.30918121,0.00079299
175.33302307,0.00186918
175.35686493,0.00307123
175.38070679,0.00340318
175.40454865,0.00361447
175.42839050,0.00342064
175.45223236,0.00224578
175.47607422,0.00149930
175.49991608,0.00132275
175.52375793,0.00094614
175.54759979,0.00182450
175.57144165,0.00539754
175.59528351,0.00801227
175.61912537,0.00829808
175.64296722,0.00799301
175.66680908,0.00544673
175.69065094,0.00165908
175.71449280,0.00047395
175.73833466,0.00090305
175.76217651,0.00078898
175.78601837,0.00119850
175.80986023,0.00199753
175.83370209,0.00206380
175.85754395,0.00182808
175.88138580,0.00157112
175.90522766,0.00072416
175.92906952,0.00141358
175.95291138,0.00547097
175.97675323,0.00868623
176.00059509,0.00916366
176.02443695,0.00925181
176.04827881,0.00717447
176.07212067,0.00306579
176.09596252,0.00135722
176.11980438,0.00138228
176.14364624,0.00124417
176.16748810,0.00171911
176.19132996,0.00299932
176.21517181,0.00340684
176.23901367,0.00307604
176.26285553,0.00257352
176.28669739,0.00120748
176.31053925,0.00040929
176.33438110,0.00178148
176.35822296,0.00274142
176.38206482,0.00285196
176.40590668,0.00319557
176.42974854,0.00329840
176.45359039,0.00238561
176.47743225,0.00167195
176.50127411,0.00130263
176.52511597,0.00088446
176.54895782,0.00207205
176.57279968,0.00544780
176.59664154,0.00761402
176.62048340,0.00756313
176.64432526,0.00684565
176.66816711,0.00402243
176.69200897,0.00053091
176.71585083,0.00110483
176.73969269,0.00155531
176.76353455,0.00158391
176.78737640,0.00176472
176.81121826,0.00214061
176.83506012,0.00188076
176.85890198,0.00140164
176.88274384,0.00103816
176.90658569,0.00030353
176.93042755,0.00173355
176.95426941,0.00516649
176.97811127,0.00772139
177.00195313,0.00810160
177.02579498,0.00829707
177.04963684,0.00646148
177.07347870,0.00289009
177.09732056,0.00133808
177.12116241,0.00099895
177.14500427,0.00055793
177.16884613,0.00099785
177.19268799,0.00227954
177.21652985,0.00287267
177.24037170,0.00274498
177.26421356,0.00233539
177.28805542,0.00112327
177.31189728,0.00036921
177.33573914,0.00120009
177.35958099,0.00153982
177.38342285,0.00145490
177.40726471,0.00188733
177.43110657,0.00218224
177.45494843,0.00169719
177.47879028,0.00136653
177.50263214,0.00107203
177.52647400,0.00059528
177.55031586,0.00160991
177.57415771,0.00464415
177.59799957,0.00661446
177.62184143,0.00666193
177.64568329,0.00580275
177.66952515,0.00298856
177.69336700,0.00028138
177.71720886,0.00156320
177.74105072,0.00154863
177.76489258,0.00112553
177.78873444,0.00141870
177.81257629,0.00219612
177.83641815,0.00232807
177.86026001,0.00209307
177.88410187,0.00153005
177.90794373,0.00040627
177.93178558,0.00120129
177.95562744,0.00383355
177.97946930,0.00557365
178.00331116,0.00577312
178.02715302,0.00605729
178.05099487,0.00490103
178.07483673,0.00246764
178.09867859,0.00122185
178.12252045,0.00071062
178.14636230,0.00030015
178.17020416,0.00067301
178.19404602,0.00179927
178.21788788,0.00242466
178.24172974,0.00228935
178.26557159,0.00173865
178.28941345,0.00060435
178.31325531,0.00043820
178.33709717,0.00092439
178.36093903,0.00094112
178.38478088,0.00083269
178.40862274,0.00121070
178.43246460,0.00149424
178.45630646,0.00116015
178.48014832,0.00081383
178.50399017,0.00043160
178.52783203,0.00011725
178.55167389,0.00082280
178.57551575,0.00313984
178.59935760,0.00473030
178.62319946,0.00492748
178.64704132,0.00433183
178.67088318,0.00225451
178.69472504,0.00024302
178.71856689,0.00068813
178.74240875,0.00049693
178.76625061,0.00014063
178.79009247,0.00044359
178.81393433,0.00123006
178.83777618,0.00155317
178.86161804,0.00137699
178.88545990,0.00092022
178.90930176,0.00059866
178.93314362,0.00143895
178.95698547,0.00276618
178.98082733,0.00325974
179.00466919,0.00305770
179.02851105,0.00320488
179.05235291,0.00256536
179.07619476,0.00121571
179.10003662,0.00050255
179.12387848,0.00027569
179.14772034,0.00071407
179.17156219,0.00075799
179.19540405,0.00114104
179.21924591,0.00167699
179.24308777,0.00169892
179.26692963,0.00136036
179.29077148,0.00082563
179.31461334,0.00084378
179.33845520,0.00071309
179.36229706,0.00016426
179.38613892,0.00034579
179.40998077,0.00030998
179.43382263,0.00066364
179.45766449,0.00093725
179.48150635,0.00085880
179.50534821,0.00048879
179.52919006,0.00040710
179.55303192,0.00039532
179.57687378,0.00148996
179.60071564,0.00245382
179.62455750,0.00253775
179.64839935,0.00185462
179.67224121,0.00037115
179.69608307,0.00084372
179.71992493,0.00090463
179.74376678,0.00048820
179.76760864,0.00054853
179.79145050,0.00027686
179.81529236,0.00054460
179.83913422,0.00108517
179.86297607,0.00116722
179.88681793,0.00096000
179.91065979,0.00135974
179.93450165,0.00158682
179.95834351,0.00131644
179.98218536,0.00071032
180.00602722,0.00037733
180.02986908,0.00016065
180.05371094,0.00045818
180.07755280,0.00072904
180.10139465,0.00066025
180.12523651,0.00049052
180.14907837,0.00058968
180.17292023,0.00036409
180.19676208,0.00064391
180.22060394,0.00132154
180.24444580,0.00138748
180.26828766,0.00071946
180.29212952,0.00024014
180.31597137,0.00074975
180.33981323,0.00062813
180.36365509,0.00032120
180.38749695,0.00036384
180.41133881,0.00024788
180.43518066,0.00072593
180.45902252,0.00103452
180.48286438,0.00084962
180.50670624,0.00048108
180.53054810,0.00087769
180.55438995,0.00119126
180.57823181,0.00114531
180.60207367,0.00081659
180.62591553,0.00086166
180.64975739,0.00123747
180.67359924,0.00149594
180.69744110,0.00130381
180.72128296,0.00056193
180.74512482,0.00037809
180.76896667,0.00089480
180.79280853,0.00096569
180.81665039,0.00091945
180.84049225,0.00110596
180.86433411,0.00088854
180.88817596,0.00028268
180.91201782,0.00030523
180.93585968,0.00046050
180.95970154,0.00177523
180.98354340,0.00276545
181.00738525,0.00280809
181.03122711,0.00215917
181.05506897,0.00072882
181.07891083,0.00052951
181.10275269,0.00057401
181.12659454,0.00098704
181.15043640,0.00153268
181.17427826,0.00173162
181.19812012,0.00138150
181.22196198,0.00065733
181.24580383,0.00042044
181.26964569,0.00074717
181.29348755,0.00094143
181.31732941,0.00067863
181.34117126,0.00086669
181.36501312,0.00166945
181.38885498,0.00194947
181.41269684,0.00175482
181.43653870,0.00086982
181.46038055,0.00014604
181.48422241,0.00028390
181.50806427,0.00060369
181.53190613,0.00097477
181.55574799,0.00159803
181.57958984,0.00242077
181.60343170,0.00237245
181.62727356,0.00231814
181.65111542,0.00257303
181.67495728,0.00184681
181.69879913,0.00076579
181.72264099,0.00073411
181.74648285,0.00133912
181.77032471,0.00152954
181.79416656,0.00130702
181.81800842,0.00054141
181.84185028,0.00028318
181.86569214,0.00027102
181.88953400,0.00040534
181.91337585,0.00063731
181.93721771,0.00086326
181.96105957,0.00341007
181.98490143,0.00520738
182.00874329,0.00555101
182.03258514,0.00502347
182.05642700,0.00279912
182.08026886,0.00063885
182.10411072,0.00045650
182.12795258,0.00123021
182.15179443,0.00169483
182.17563629,0.00193509
182.19947815,0.00186316
182.22332001,0.00137219
182.24716187,0.00121336
182.27100372,0.00143563
182.29484558,0.00141236
182.31868744,0.00081798
182.34252930,0.00065904
182.36637115,0.00171665
182.39021301,0.00213950
182.41405487,0.00217907
182.43789673,0.00130759
182.46173859,0.00021893
182.48558044,0.00018846
182.50942230,0.00058859
182.53326416,0.00109673
182.55710602,0.00268754
182.58094788,0.00478949
182.60478973,0.00521247
182.62863159,0.00499928
182.65247345,0.00459998
182.67631531,0.00261563
182.70015717,0.00058050
182.72399902,0.00063016
182.74784088,0.00126428
182.77168274,0.00144441
182.79552460,0.00139406
182.81936646,0.00084365
182.84320831,0.00009181
182.86705017,0.00035706
182.89089203,0.00073197
182.91473389,0.00063995
182.93857574,0.00158661
182.96241760,0.00528511
182.98625946,0.00739229
183.01010132,0.00773715
183.03394318,0.00710316
183.05778503,0.00389549
183.08162689,0.00065730
183.10546875,0.00052122
183.12931061,0.00106556
183.15315247,0.00136952
183.17699432,0.00185575
183.20083618,0.00211425
183.22467804,0.00172937
183.24851990,0.00168158
183.27236176,0.00178222
183.29620361,0.00133185
183.32004547,0.00091525
183.34388733,0.00185928
183.36772919,0.00283584
183.39157104,0.00322044
183.41541290,0.00326548
183.43925476,0.00223788
183.46309662,0.00096932
183.48693848,0.00080749
183.51078033,0.00110549
183.53462219,0.00141488
183.55846405,0.00330487
183.58230591,0.00622596
183.60614777,0.00710354
183.62998962,0.00697462
183.65383148,0.00630213
183.67767334,0.00353476
183.70151520,0.00079707
183.72535706,0.00078034
183.74919891,0.00165657
183.77304077,0.00209436
183.79688263,0.00249257
183.82072449,0.00223046
183.84456635,0.00127937
183.86840820,0.00089569
183.89225006,0.00094387
183.91609192,0.00051630
183.93993378,0.00224358
183.96377563,0.00636075
183.98761749,0.00856357
184.01145935,0.00903294
184.03530121,0.00851658
184.05914307,0.00497909
184.08298492,0.00145249
184.10682678,0.00077302
184.13066864,0.00114497
184.15451050,0.00138042
184.17835236,0.00222572
184.20219421,0.00298300
184.22603607,0.00268836
184.24987793,0.00251264
184.27371979,0.00229723
184.29756165,0.00131747
184.32140350,0.00113148
184.34524536,0.00251879
184.36908722,0.00331694
184.39292908,0.00332864
184.41677094,0.00323034
184.44061279,0.00227752
184.46445465,0.00118087
184.48829651,0.00126201
184.51213837,0.00160566
184.53598022,0.00189275
184.55982208,0.00424664
184.58366394,0.00754830
184.60750580,0.00821197
184.63134766,0.00788898
184.65518951,0.00675875
184.67903137,0.00315401
184.70287323,0.00031652
184.72671509,0.00142860
184.75055695,0.00201867
184.77439880,0.00224829
184.79824066,0.00263959
184.82208252,0.00260272
184.84592438,0.00207689
184.86976624,0.00192917
184.89360809,0.00174949
184.91744995,0.00078385
184.94129181,0.00228566
184.96513367,0.00682172
184.98897552,0.00895562
185.01281738,0.00933799
185.03665924,0.00877411
185.06050110,0.00509317
185.08434296,0.00163772
185.10818481,0.00107707
185.13202667,0.00126197
185.15586853,0.00147047
185.17971039,0.00250284
185.20355225,0.00341318
185.22739410,0.00321725
185.25123596,0.00285215
185.27507782,0.00212744
185.29891968,0.00078356
185.32276154,0.00058210
185.34660339,0.00171743
185.37044525,0.00232346
185.39428711,0.00252859
185.41812897,0.00272948
185.44197083,0.00187196
185.46581268,0.00081959
185.48965454,0.00061071
185.51349640,0.00052104
185.53733826,0.00097722
185.56118011,0.00394217
185.58502197,0.00771518
185.60886383,0.00876623
185.63270569,0.00860423
185.65654755,0.00708592
185.68038940,0.00319194
185.70423126,0.00111974
185.72807312,0.00205923
185.75191498,0.00234327
185.77575684,0.00245750
185.79959869,0.00299571
185.82344055,0.00294802
185.84728241,0.00228383
185.87112427,0.00189530
185.89496613,0.00127594
185.91880798,0.00009867
185.94264984,0.00317601
185.96649170,0.00725122
185.99033356,0.00877222
186.01417542,0.00887718
186.03801727,0.00815023
186.06185913,0.00456309
186.08570099,0.00148837
186.10954285,0.00116102
186.13338470,0.00124612
186.15722656,0.00133449
186.18106842,0.00242073
186.20491028,0.00343470
186.22875214,0.00332423
186.25259399,0.00297173
186.27643585,0.00213209
186.30027771,0.00060647
186.32411957,0.00092577
186.34796143,0.00205456
186.37180328,0.00250522
186.39564514,0.00282783
186.41948700,0.00327641
186.44332886,0.00277186
186.46717072,0.00194393
186.49101257,0.00165014
186.51485443,0.00126845
186.53869629,0.00131052
186.56253815,0.00388340
186.58638000,0.00726013
186.61022186,0.00816283
186.63406372,0.00795657
186.65790558,0.00628725
186.68174744,0.00250834
186.70558929,0.00043337
186.72943115,0.00126738
186.75327301,0.00150114
186.77711487,0.00169517
186.80095673,0.00236081
186.82479858,0.00250436
186.84864044,0.00203668
186.87248230,0.00167274
186.89632416,0.00101871
186.92016602,0.00022026
186.94400787,0.00292512
186.96784973,0.00636292
186.99169159,0.00755728
187.01553345,0.00781326
187.03937531,0.00731804
187.06321716,0.00431589
187.08705902,0.00186563
187.11090088,0.00134284
187.13474274,0.00085911
187.15858459,0.00055596
187.18242645,0.00146582
187.20626831,0.00246732
187.23011017,0.00264071
187.25395203,0.00257649
187.27779388,0.00181787
187.30163574,0.00040433
187.32547760,0.00078412
187.34931946,0.00158676
187.37316132,0.00176847
187.39700317,0.00197455
187.42084503,0.00253021
187.44468689,0.00234214
187.46852875,0.00175498
187.49237061,0.00141975
187.51621246,0.00076691
187.54005432,0.00052044
187.56389618,0.00312546
187.58773804,0.00622731
187.61157990,0.00710605
187.63542175,0.00679686
187.65926361,0.00498645
187.68310547,0.00152817
187.70694733,0.00093228
187.73078918,0.00134753
187.75463104,0.00109174
187.77847290,0.00111449
187.80231476,0.00174853
187.82615662,0.00199376
187.84999847,0.00158853
187.87384033,0.00121246
187.89768219,0.00049995
187.92152405,0.00079558
187.94536591,0.00285595
187.96920776,0.00510697
187.99304962,0.00573298
188.01689148,0.00595057
188.04073334,0.00564965
188.06457520,0.00338778
188.08841705,0.00145234
188.11225891,0.00082298
188.13610077,0.00030580
188.15994263,0.00025735
188.18378448,0.00111586
188.20762634,0.00201587
188.23146820,0.00217895
188.25531006,0.00187482
188.27915192,0.00094021
188.30299377,0.00026414
188.32683563,0.00097065
188.35067749,0.00118682
188.37451935,0.00089439
188.39836121,0.00097885
188.42220306,0.00155937
188.44604492,0.00163403
188.46988678,0.00138398
188.49372864,0.00103939
188.51757050,0.00071716
188.54141235,0.00067536
188.56525421,0.00119771
188.58909607,0.00340615
188.61293793,0.00415026
188.63677979,0.00422818
188.66062164,0.00298644
188.68446350,0.00061602
188.70830536,0.00063099
188.73214722,0.00057549
188.75598907,0.00030387
188.77983093,0.00046643
188.80367279,0.00137863
188.82751465,0.00208777
188.85135651,0.00211798
188.87519836,0.00158855
188.89904022,0.00060182
188.92288208,0.00093227
188.94672394,0.00226932
188.97056580,0.00328743
188.99440765,0.00323738
189.01824951,0.00325619
189.04209137,0.00326638
189.06593323,0.00225938
189.08977509,0.00132089
189.11361694,0.00076600
189.13745880,0.00029155
189.16130066,0.00043205
189.18514252,0.00051648
189.20898438,0.00132895
189.23282623,0.00160441
189.25666809,0.00130046
189.28050995,0.00048136
189.30435181,0.00077971
189.32819366,0.00112763
189.35203552,0.00090975
189.37587738,0.00051938
189.39971924,0.00014034
189.42356110,0.00096530
189.44740295,0.00152090
189.47124481,0.00150135
189.49508667,0.00108578
189.51892853,0.00044185
189.54277039,0.00014865
189.56661224,0.00118007
189.59045410,0.00237203
189.61429596,0.00270445
189.63813782,0.00231917
189.66197968,0.00110973
189.68582153,0.00034886
189.70966339,0.00088249
189.73350525,0.00072234
189.75734711,0.00047374
189.78118896,0.00027010
189.80503082,0.00042790
189.82887268,0.00100211
189.85271454,0.00106955
189.87655640,0.00058835
189.90039825,0.00032559
189.92424011,0.00080621
189.94808197,0.00086679
189.97192383,0.00054435
189.99576569,0.00015304
190.01960754,0.00037097
190.04344940,0.00090841
190.06729126,0.00111143
190.09113312,0.00091807
190.11497498,0.00028565
190.13881683,0.00058821
190.16265869,0.00082868
190.18650055,0.00037810
190.21034241,0.00057895
190.23418427,0.00099250
190.25802612,0.00086353
190.28186798,0.00048736
190.30570984,0.00066859
190.32955170,0.00054537
190.35339355,0.00039586
190.37723541,0.00085655
190.40107727,0.00093336
190.42491913,0.00054755
190.44876099,0.00031572
190.47260284,0.00051498
190.49644470,0.00064147
190.52028656,0.00093032
190.54412842,0.00106013
190.56797028,0.00093295
190.59181213,0.00053398
190.61565399,0.00023992
190.63949585,0.00046138
190.66333771,0.00094605
190.68717957,0.00116220
190.71102142,0.00083793
190.73486328,0.00023380
190.75870514,0.00080744
190.78254700,0.00099056
190.80638885,0.00062009
190.83023071,0.00035296
190.85407257,0.00078425
190.87791443,0.00058474
190.90175629,0.00084984
190.92559814,0.00095147
190.94944000,0.00041534
190.97328186,0.00189354
190.99712372,0.00277097
191.02096558,0.00292619
191.04480743,0.00207952
191.06864929,0.00060921
191.09249115,0.00026829
191.11633301,0.00021173
191.14017487,0.00077911
191.16401672,0.00097809
191.18785858,0.00081680
191.21170044,0.00054024
191.23554230,0.00042612
191.25938416,0.00011317
191.28322601,0.00083648
191.30706787,0.00109514
191.33090973,0.00054454
191.35475159,0.00076109
191.37859344,0.00145978
191.40243530,0.00157412
191.42627716,0.00111891
191.45011902,0.00088865
191.47396088,0.00101593
191.49780273,0.00041319
191.52164459,0.00048164
191.54548645,0.00136409
191.56932831,0.00255981
191.59317017,0.00304920
191.61701202,0.00262509
191.64085388,0.00258814
191.66469574,0.00227223
191.68853760,0.00126253
191.71237946,0.00039643
191.73622131,0.00050925
191.76006317,0.00129573
191.78390503,0.00167631
191.80774689,0.00146930
191.83158875,0.00073137
191.85543060,0.00031343
191.87927246,0.00017296
191.90311432,0.00042545
191.92695618,0.00019613
191.95079803,0.00217906
191.97463989,0.00452248
191.99848175,0.00534689
192.02232361,0.00521224
192.04616547,0.00366179
192.07000732,0.00118587
192.09384918,0.00040261
192.11769104,0.00036520
192.14153290,0.00109994
192.16537476,0.00165000
192.18921661,0.00207823
192.21305847,0.00184055
192.23690033,0.00137892
192.26074219,0.00138621
192.28458405,0.00134805
192.30842590,0.00084890
192.33226776,0.00024577
192.35610962,0.00163077
192.37995148,0.00239268
192.40379333,0.00255351
192.42763519,0.00200255
192.45147705,0.00070995
192.47531891,0.00020569
192.49916077,0.00013483
192.52300262,0.00063927
192.54684448,0.00168062
192.57068634,0.00406493
192.59452820,0.00552686
192.61837006,0.00529463
192.64221191,0.00507331
192.66605377,0.00361767
192.68989563,0.00112950
192.71373749,0.00045678
192.73757935,0.00141598
192.76142120,0.00193247
192.78526306,0.00207547
192.80910492,0.00193695
192.83294678,0.00126723
192.85678864,0.00082476
192.88063049,0.00105944
192.90447235,0.00114482
192.92831421,0.00034704
192.95215607,0.00296585
192.97599792,0.00605758
192.99983978,0.00698800
193.02368164,0.00711002
193.04752350,0.00544782
193.07136536,0.00213110
193.09520721,0.00088490
193.11904907,0.00140045
193.14289093,0.00163991
193.16673279,0.00184080
193.19057465,0.00230087
193.21441650,0.00211880
193.23825836,0.00167732
193.26210022,0.00167193
193.28594208,0.00125080
193.30978394,0.00025393
193.33362579,0.00110128
193.35746765,0.00246470
193.38130951,0.00298157
193.40515137,0.00307934
193.42899323,0.00250313
193.45283508,0.00116525
193.47667694,0.00075254
193.50051880,0.00110866
193.52436066,0.00147912
193.54820251,0.00273336
193.57204437,0.00576380
193.59588623,0.00769407
193.61972809,0.00763763
193.64356995,0.00738527
193.66741180,0.00532508
193.69125366,0.00197426
193.71509552,0.00075481
193.73893738,0.00173338
193.76277924,0.00222137
193.78662109,0.00254327
193.81046295,0.00257675
193.83430481,0.00182421
193.85814667,0.00127868
193.88198853,0.00134301
193.90583038,0.00106835
193.92967224,0.00052279
193.95351410,0.00421314
193.97735596,0.00758391
194.00119781,0.00835710
194.02503967,0.00835196
194.04888153,0.00621045
194.07272339,0.00231111
194.09656525,0.00101643
194.12040710,0.00154300
194.14424896,0.00185397
194.16809082,0.00235100
194.19193268,0.00305077
194.21577454,0.00282132
194.23961639,0.00233040
194.26345825,0.00216247
194.28730011,0.00131887
194.31114197,0.00006202
194.33498383,0.00159679
194.35882568,0.00291764
194.38266754,0.00325041
194.40650940,0.00335691
194.43035126,0.00295538
194.45419312,0.00165325
194.47803497,0.00107093
194.50187683,0.00134275
194.52571869,0.00140623
194.54956055,0.00264078
194.57340240,0.00630396
194.59724426,0.00845913
194.62108612,0.00838887
194.64492798,0.00800503
194.66876984,0.00530014
194.69261169,0.00156946
194.71645355,0.00095563
194.74029541,0.00178163
194.76413727,0.00197774
194.78797913,0.00227793
194.81182098,0.00247144
194.83566284,0.00183553
194.85950470,0.00139860
194.88334656,0.00136392
194.90718842,0.00083491
194.93103027,0.00123282
194.95487213,0.00533603
194.97871399,0.00868344
195.00255585,0.00936059
195.02639771,0.00933942
195.05023956,0.00697840
195.07408142,0.00286612
195.09792328,0.00127315
195.12176514,0.00148708
195.14560699,0.00145138
195.16944885,0.00188891
195.19329071,0.00294823
195.21713257,0.00311095
195.24097443,0.00275279
195.26481628,0.00244806
195.28865814,0.00140539
